999921
999632
999694
999794
999782
999890
999824
1000123
1000047
999866
1000039
1000030
999916
999961
1000055
1000080
999948
1000144
1000187
999940
1000004
999861
999737
999826
999749
999978
999746
999491
999507
999613
999326
999571
999777
999819
1000021
999903
999994
999482
999697
999783
999570
999414
999353
999569
999589
999779
999466
999640
999945
999508
999323
999529
999642
999507
999611
999703
999663
999710
999466
999620
999677
999409
999463
999584
999448
999441
999428
999245
999209
999394
999206
999291
999816
999319
999717
999934
999684
999449
999456
999697
999436
999393
999435
999359
999397
999419
999343
999867
1000085
999738
999946
999760
999684
999909
999822
1000072
1000158
999755
999697
999538
999258
999482
999550
999397
999689
999827
999646
999779
999496
999427
999773
999983
1000047
999859
999801
999824
999542
999653
999719
999800
999950
999843
999428
999639
999500
999886
999770
999738
999704
999765
999237
999791
999866
999864
999726
999988
999802
999859
999848
999616
1000168
999942
999970
999852
999801
999819
999519
999727
999641
999639
999475
999464
999476
999361
999497
999700
999663
999590
999584
999419
999908
999793
999819
1000028
999997
999867
999452
1000010
999691
999458
999631
999882
999880
999860
999615
999927
999966
1000046
999985
1000028
1000116
999964
999719
999709
999719
999668
999743
999803
999716
999975
999945
1000072
999908
999799
999780
999947
1000283
999877
999806
999849
999753
1000001
999914
1000049
999943
1000310
999982
999963
1000023
999959
1000057
1000309
999844
999605
999792
999920
999941
1000121
1000108
1000129
999935
999682
999640
999852
999438
999444
999795
1000005
999847
999875
1000201
1000076
1000004
999891
999954
999913
1000277
1000089
999736
999681
1000024
1000166
999965
999776
999780
1000074
999695
999868
999984
999989
999693
999724
999807
999600
1000003
1000039
999996
1000268
1000024
1000064
1000177
999716
1000074
1000086
999926
1000228
1000019
999799
1000208
999726
999423
999458