1000010
1000063
1000046
999830
999969
1000034
999956
999797
1000030
999910
1000021
999854
999934
1000152
1000030
1000256
1000027
1000145
1000273
1000062
999846
1000011
1000155
1000124
1000117
1000328
1000187
1000195
1000001
999843
999950
1000005
999900
1000150
999811
999692
999700
999877
999724
999669
999529
999390
999792
1000014
999981
999881
999941
999877
1000193
999817
999953
999816
999732
1000117
999864
999886
1000010
999951
1000144
999767
999368
999651
999502
999423
999327
999928
999981
999504
999513
999590
999455
999690
1000062
1000208
1000251
1000066
1000150
1000070
1000148
1000050
999669
999711
999987
999710
999769
999838
1000097
999775
999784
999817
1000077
999691
999665
999522
999539
999432
999493
999775
999579
999358
999582
999778
999446
999690
999807
1000073
999842
999963
999904
999855
999897
1000175
1000006
999954
999825
1000017
1000151
999961
999647
1000011
1000055
999990
999923
999695
999793
999825
999815
999960
999824
999918
999842
999700
999644
999685
999739
1000050
999979
1000259
1000099
999789
999824
999766
999742
999703
999573
999446
999542
1000001
1000043
1000026
1000005
999778
999842
999997
1000176
1000230
999960
1000064
1000105
1000174
1000104
999735
999875
1000109
999952
1000136
1000089
999976
1000164
1000109
999858
999949
1000008
999915
999635
1000067
999795
999692
999945
1000126
999731
999813
999636
999599
999838
1000145
1000074
999945