999899
999783
999689
1000039
999873
1000101
999987
1000258
1000028
999903
1000008
1000044
1000012
999615
999788
999614
999955
1000105
999921
1000012
999893
1000038
999962
999973
1000067
1000353
1000151
1000037
999986
1000253
1000228
1000125
999970
1000057
1000044
1000054
999872
1000175
999739
999881
999552
999825
1000029
1000145
1000199
999993
999955
999690
999924
1000204
1000043
1000295
999931
999833
999777
999918
999935
1000070
999598
999683
999623
1000052
999967
999756
999819
999822
999637
999547
999693
999669
999604
999868
999903
1000074
999801
1000021
999589
999898
999723
999763
999697
999886
999793
999786
1000065
1000381
999748
1000022
1000174
999981
1000137
999935
1000009
999878
999618
999715
999788
999844
999988
999587
999445
999737
999623
999854
1000018
999630
999707
999464
999467
999648
999661
999883
999828
999842
999700
999755
999860
999777
999713
999606
999568
999907
999703
1000112
999746
999796
1000102
999958
1000074
1000153
1000152
1000197
999649
999939
999845
999974
999873
1000003
1000155
999995
999881
999657
999763
999578
999820
999754
1000038
999638
999731
999587
999399
999603
999465
999241
999528
999457
999751
999956
999922
999984
1000086
1000030
1000027
999661
999943
1000040
999820
999730
1000112
1000222
999976
1000008
1000050
999533
999822
999879
1000083
1000077
1000189
1000330
1000375
999936
999869
1000067
999868
1000058
999806
999871
999644
999921
999721
999758
999527
999716
999856
999815
1000014
999914
1000135
999789
999506
999828
999751
1000084
1000104
1000004
999971
999656
999674
999948
999610
999488
999628
999947
999570
999984
999695
999680
999861
999546
999489
999946
999665
999414
999632
999952
999991
999927
999923
999931
1000008
999779
999678
999857
1000036
1000069
999601
999830
999807
999861
999440
999655
999365
999735
999500
999682
999561
999412
999743
1000147
1000097
999926
999828
1000020
999908
1000228
1000269
1000063
1000112
1000044
999639
999886
1000018
1000146
1000290
999910
1000057
999817
999718
999802
999817
999888
1000164
999979
999877
999916
999870
999822
999712
1000002
999740
1000294
1000329
1000306
1000339
1000291
999917
1000242
1000205
999927
1000109
999852
999783
999919
999996
999810
1000207
999855
999869
1000270
1000008
999668
999756
1000208
1000340
1000031
999961
1000416
1000237
1000174
1000053
999867
1000299
1000316
1000218
1000231
1000280
1000449
1000394
1000339
1000335
999944
999793
1000029
1000326
1000263
1000198
1000091
999790
999716
999933
1000138
999939
999752
999604
999742
999854
999558
999535
999582
999513
999581
999576
999820
999799
999762
1000230
999973
1000069
999894
1000038
1000188
999934
999818
1000342
999899
999736
999822
999697
999522
999849
1000026
999952
999973
1000123
999955
999915
999698
999771
1000182
999938
1000120
1000192
999917
999850
999744
999697
999745
1000045
1000030
999956
999548
999645
999640
999950
999923
1000045
1000098
999936
1000121
1000124
999726
999833
999913
999717
999772
999983
1000098
1000026
1000135
999644
999883
999666
999834
999902
999853
999728
999583
999614
1000039
1000237
999932
999859
1000029
999953
1000154
999690
999969
999668
999579
999520
999925
999896
999963
999975
999799
999845
999969
999963
999901
999815
999601
999670
1000009
1000141
999805
999588
999476
999622
999465
999416
999598
999649
999451
999451
999381
999640
999546
1000051
999827
999777
999742
1000060
1000241
1000175
1000102
1000105
1000117
999947
1000260
999879
999757
1000074
999757
999793
1000101
999900
1000068
999855
999842
999980
999869
999483
999602
999572
999422
999278
999465
1000060
1000162
1000262
1000122
999901
999953
999960
1000181
1000017
999753
999818
999852
999890
1000046
1000200
999758
999983
1000097
999824
999973
999914
999864
999808
999750
999745
999704
999696
1000132
999699
999935
999888
999619
1000070
999914
1000131
999941
999808
999835
999946
999888
999898
999839
999998
999767
999637
999856
999842
999722
999930
999629
999722
999832
1000166
999703
999472
999592
999554
999419
999440
999803
999756
999897
999997
999989
1000176
999956
1000102
1000065
1000117
999936
999820
1000150
1000244
999710
999889
1000047
999921
1000282
1000088
1000164
1000242
1000119
1000026
1000062
1000056
1000288
1000112
1000155
999775
999634
999821
999820
999746
999809
999861
1000048
999766
999901
1000129
1000165
1000227
1000309
1000358
1000495
1000131
1000419
999936
1000135
1000339
1000320
1000134
1000016
999855
999919
999960
999961
1000019
1000222
999858
999731
999677
1000149
1000245
999728
999906
999905
1000216
1000211
1000366
1000575
1000419
999865
999957
999682
999553
999534
999990
999837
999928
999852
999785
999787
1000078
1000148
999988
999655
999582
999476
999687
999668
999947
1000125
999791
1000239
999873
999674
999688
999847
999833
1000083
999702
999795
999794
999603
999812
999774
999783
999736
999976
999812
999868
999886
999668
999878
999824
1000124
999987
999960
999889
999630
999574
999973
1000317
999950
1000064
1000113
999968
999914
1000083
1000121
999953
999943
1000152
1000088
999841
999562
999707
999702
1000037
999971
999608
999511
999893
999890
1000044
1000385
1000252
1000335
1000238
1000100
1000100
1000151
1000003
999811
999699
999765
999809
1000261
1000080
1000005
1000204
1000021
1000038
1000080
999764
999967
999989
999845
1000033
999957
999913
999896
999995
1000384
1000345
1000343
1000268
999956
999928
1000030
999859
999984
999749
999676
999879
999832
1000136
999886
1000067
999969
999980
999893
999903
1000036
999952
999812
999812
1000353
1000005
1000009
999867
999591
999466
999613
999682
999722
999608
999649
999711
1000042
1000026
1000209
999927
1000088
999893
999721
1000161
1000174
999965
999577
1000282
999912
999856
999955
999935
999725
999700
1000089
1000149
1000118
1000012
1000003
999935
999862
999825
999768
999831
999807
999738
999958
999887
999886
999787
999724
999520
999494
999390
999442
999674
999585
999387
999687
999798
1000006
999802
999723
999740
999838
999774
999900
999923
999912
1000082
999669
999615
999822
999919
999775
999918
999811
999880
999835
999926
999856
999800
999593
999857
999755
999812
999734
999862
999828
999893
999485
999684
999705
1000018
999815
999846
1000006
999825
999852
999940
999924
999914
999934
1000071
1000224
999832
999862
1000107
999851
999685
1000093
999845
999978
999693
999924
1000024
999670
999725
999843
999597
999970
999919
999781
999613
999759
999664
999603
999564
999798
999478
999570
999997
1000084
999940
999810
999802
999784
999858
999605
999576
999646
999610
999620
999785
999627
999455
999632
999605
999803
999614
999855
999822
999660
999917
999684
999824
999938
1000077
999811
999731
1000000
999790
999926
999918
999829
999691
999694
999764
999569
999667
999649
999511
999741
999879
999706
999565
999787
999959
1000236
1000184
1000265
999961
999946
999819
1000178
999661
999799
999797
999614
999480
999818
999643
999332
999721
999878
1000175
999887
999744
999342
999584
999513
999434
999617
999574
999628
999824
1000098
1000043
1000086
999771
999963
1000015
999799
999930
1000068
999996
999953
999861
999827
999624
999705
999800
1000122
1000021
1000012
999640
999941
999714
999673
999744
999914
999934
999910
999895
1000013
1000094
1000009
999790
999842
999761
999662
999805
1000145
999915
999723
999873
999761
999825
999813
999865
999963
999632
999388
999394
999624
999683
999723
1000096
999702
999872
999863
999810
999783
999639
999355
999345
999671
999391
999342
999421
999333
999410
999313
999592
999198
999614
999889
999815
999751
1000037
999859
999931
1000276
999927
1000040
999781
999827
1000069
999972
999842
1000181
999668
999605
999715
999757
999600
999881
999732
999949
999849
999531
999460
999566
999631
999682
999816
999876
1000070
999957
999737
999764
999741
999983
999825
999775
999906
999731
999793
999751
999531
999528
999717
999865
999969
999823
999523
999556
999877
999788
999942
999614
999856
999926
999587
1000042
999902
999777
1000179
1000085
1000041
1000247
1000124
999882
999861
1000047
1000151
999951
999976
999980
999686
999862
999943
999982
999924
999990
999538
999608
999912
1000153
999985
1000069
1000058
1000161
999945
1000002
1000106
1000467
1000465
1000108
999989
1000179
1000206
1000529
1000446
1000037
999983
1000049
999915
999857
1000107
999965
1000129
999887
1000055
1000261
1000268
999897
999910
1000523
1000522
1000341
1000412
1000162
1000223
1000001
999765
999617
999594
999727
1000091
999943
1000066
999856
999881
999614
999481
999808
1000007
999958
999850
1000350
1000129
999634
999767
999873
999737
1000209
999764
999755
999768
999786
999430
999387
999505
999785
999770
999902
999940
999719
999724
999833
999640
999927
999618
999611
999925
999800
1000121
1000087
999730
999711
999542
999317
999582
999689
999523
999834
999713
999472
999873
999971
999785
999788
999709
999800
999941
999900
999802
999921
1000084
1000324
999906
1000082
999950
999924
999841
999667
999653
999552
999663
999894
999996
999764
999862
1000065
999555
999560
999717
999670
999556
999405
999642
999886
999818
999548
999754
1000121
999758
999771
999736
999624
999716
1000044
999384
999387
999480
1000022
999941
999939
999776
999544
999581
999656
999613
1000027
999697
999878
999909
999950
1000027
1000005
1000230
1000440
1000257
1000185
1000244
1000010
999701
1000074
999985
999825
1000008
999955
1000117
1000060
999958
1000352
1000249
1000154
999995
999887
999802
999885
1000083
1000161
999782
999803
999748
999411
999691
999711
999651
999647
999662
999519
1000100
1000113
1000092
999795
999956
1000263
999923
1000191
1000355
1000264
1000147
1000191
999930
999918
999926
999823
1000334
999910
999627
999475
999673
999954
999621
999623
999581
999747
999999
1000011
999946
999689
999730
999930
999872
999613
1000081
999708
999714
999756
999524
999663
999901
999966
999881
999729
999469
999586
1000019
1000239
999947
999985
999978
1000000
999990
999955
999823
999800
999533
999432
999494
1000091
1000161
999880
999879
999903
1000065
999660
999665
999794
999443
999627
999654
999673
999741
999820
1000107
999466
999594
999642
999572
999622
999686
999708
999783
999923
1000090
999924
999694
999797
999701
999874
999936
1000042
999831
999711
999564
999755
999716
999561
999651
999890
999978
1000074
1000052
999600
999401
999479
999645
999634
999559
999422
999910
999948
999685
999611
999523
999834
999796
999575
999697
999687
999495
999680
999483
999799
1000115
1000296
999810
999795
999921
999825
999834
1000002
999945
1000476
1000392
999925
999965
1000050
1000061
1000044
999617
1000121
999869
999987
999823
999914
999969
999817
999562
999591
999571
999923
999886
999942
999752
999536
999822
999892
999581
999598
1000051
999860
999621
999473
999579
999452
999432
999534
999654
999801
999721
1000028
1000135
1000023
999635
999480
1000015
999833
999978
1000175
999736
999558
999913
999743
999985
1000212
999936
999742
999693
999722
999637
1000001
1000128
999839
999754
999798
999699
999898
1000338
1000013
999921
999906
1000176
1000079
999721
999668
999898
999773
999662
999804
999900
999789
1000049
999586
999723
999677
999620
999936
999947
999616
1000121
1000086
999995
999885
999942
999987
999850
1000070
1000342
999987
999951
999874
999788
999787
1000090
1000360
1000037
999968
999970
1000295
1000158
1000105
1000054
999916
1000474
1000121
1000297
1000222
999871
999565
999909
999707
1000008
1000067
1000042
1000237
999667
999745
999458
999983
1000059
999769
999878
999964
999744
999478
999662
999728
999992
999973
1000123
1000223
999979
1000040
1000067
1000074
1000257
1000102
999959
999982
999933
1000154
1000047
999766
999816
999966
999805
999730
999836
1000035
1000427
1000168
1000186
1000491
1000256
999988
1000147
1000171
999995
1000213
1000055
1000165
1000119
1000416
1000283
1000186
1000361
1000041
999697
999676
999791
999606
1000093
1000247
1000188
1000156
1000230
999965
1000119
1000275
999910
999920
999866
999633
999483
999638
999813
1000185
1000569
1000167
1000120
1000115
1000023
999993
1000068
1000218
1000097
999796
999986
1000336
1000020
1000026
1000035
999546
999545
999644
1000212
1000267
1000256
1000185
1000018
999960
999971
1000170
1000173
999930
999711
999848
999927
999996
1000288
999872
999680
999813
1000042
1000206
1000202
999831
999943
1000381
1000382
999915
999694
1000021
1000157
999976
999707
1000182
1000101
1000146
1000100
1000577
1000252
1000003
1000127
1000116
1000360
1000339
1000461
1000495
1000773
1000156
1000011
1000074
1000105
999925
1000021
1000111
1000140
1000148
1000587
1000345
1000190
1000222
1000297
1000484
1000127
1000325
1000062
1000228
1000501
1000204
1000262
1000121
1000014
1000244
1000278
999969
999985
1000032
1000030
1000073
1000359
999911
999908
1000246
1000265
999860
999925
1000116
1000079
1000096
1000238
999993
1000061
1000057
1000086
1000509
1000297
1000496
999994
999894
999755
999899
1000039
1000011
1000021
1000359
1000368
1000131
1000164
1000165
1000250
999842
999846
999959
1000111
999919
999913
999941
1000041
1000233
999839
999828
1000025
999954
999809
999996
1000069
1000301
999884
999734
999748
999917
1000113
1000015
999954
1000243
999886
1000250
1000057
1000023
1000062
1000366
1000240
1000284
1000436
1000509
1000355
1000015
999808
1000050
999950
1000095
999672
999831
999945
999773
1000022
999903
1000125
1000008
1000085
999915
999904
1000108
1000182
999959
999847
999937
1000211
1000048
999924
1000198
999983
999989
1000155
1000282
999969
999826
999660
1000159
1000131
1000509
1000246
1000124
1000131
999994
1000148
999961
999922
1000138
1000160
1000179
1000090
1000203
999954
1000099
999975
999985
1000246
1000365
999796
1000141
1000065
1000016
1000079
999849
999880
1000271
1000278
1000204
1000071
1000259
999779
999900
1000084
1000267
1000301
1000153
999968
1000114
1000182
1000229
1000043
1000117
1000289
999882
1000043
1000131
1000142
1000027
1000051
999930
999870
999898
1000100
999967
999905
999804
1000113
1000054
1000129
1000034
1000124
999844
999847
999833
999793
1000076
999924
999791
999804
999850
999902
999586
999809
1000162
999844
999847
999946
999746
999382
999575
999777
999665
999637
999689
999687
999576
999614
999915
999615
999621
999849
999804
999791
999753
1000153
999972
1000444
1000091
1000295
1000486
1000011
999889
999795
999935
999940
1000189
1000290
1000549
1000460
1000148
1000234
1000137
1000035
1000105
1000235
1000201
999853
1000027
1000145
999825
1000025
1000177
1000137
1000188
999823
1000029
1000150
1000202
1000284
1000325
999700
999768
1000231
999916
1000189
999870
999732
1000210
1000110
1000171
999834
999844
999905
999732
1000289
1000236
1000213
1000341
1000084
1000159
1000156
1000058
1000280
1000054
1000094
1000230
999873
1000127
1000167
999990
1000144
1000092
1000127
1000266
1000021
999999
1000252
999997
999920
999936
999881
1000199
1000109
1000199
1000178
999984
1000228
1000074
1000024
999889
1000026
999760
999890
999976
1000048
999891
999829
1000091
1000228
999930
999717
999905
1000007
999691
999926
999919
999853
1000002
999634
999631
999610
999787
999661
999707
999968
999869
999920
999930
999856
1000050
999550
999951
999939
999660
999830
999681
999723
999593
999648
999586
999606
999455
999539
999921
999805
999775
999947
1000054
999757
999810
999819
999749
999968
1000181
999811
1000189
1000010
1000125
1000085
1000188
1000109
999982
1000272
1000279
1000134
999945
999924
1000037
999818
999969
1000021
1000272
999884
1000323
1000190
1000186
1000037
1000087
999984
999944
1000114
1000058
1000312
1000260
999813
999937
1000203
999938
1000117
1000078
999925
999844
999651
999544
999911
999460
999934
1000099
999977
999812
1000123
999914
999981
999797
999539
999732
999732
1000082
1000115
1000171
1000250
1000150
1000136
1000223
1000224
1000339
1000218
1000305
1000235
1000077
1000190
1000189
1000140
999992
1000329
1000408
1000134
1000269
999806
999638
999606
999783
1000169
1000151
1000149
1000170
999941
1000470
999858
999912
999991
999848
999904
999851
999945
1000142
999634
999538
999443
999663
999941
999948
999722
999625
999541
999999
1000102
1000220
1000104
1000248
1000024
999861
999923
999858
999725
1000065
1000190
999915
999887
999745
1000109
1000033
999687
999889
1000265
1000245
999972
1000066
1000159
1000138
1000099
999760
999745
999774
999825
999777
999695
999759
1000053
999915
999833
1000103
999851
1000011
999910
999953
999863
999906
1000212
999830
999881
999776
1000054
999890
1000099
1000438
1000232
1000063
1000064
999975
1000228
999595
999787
999544
999729
999610
999706
999903
999903
999978
999930
999556
999702
999680
999650
999954
999825
999805
999909
1000022
999786
999883
999640
999983
1000104
1000048
1000026
999934
1000097
999831
1000053
999708
999670
999542
999347
999722
999806
1000029
999944
1000117
999898
999933
999840
999932
999911
999843
999956
999962
999890
1000143
1000112
1000226
1000002
999999
999760
999554
999605
999717
999838
999844
999956
999846
999913
999495
999872
999861
999706
999717
999693
999687
999585
999442
999615
999704
999770
999821
999746
999771
1000018
999807
999921
999723
999707
999608
999654
999765
999897
1000126
1000012
1000023
1000096
999872
1000331
1000223
1000045
1000300
1000166
1000201
999958
999985
999729
999777
999722
999844
999657
999676
999791
999778
1000120
999583
999517
999445
999800
999793
999802
999864
1000061
999643
999940
999850
999714
999830
999750
999770
999902
999919
999827
1000168
1000256
999891
999841
999994
999927
999958
999734
999807
999983
999963
999943
999948
1000092
999734
999674
999816
1000038
1000144
999794
999859
999855
1000082
999791
999982
999981
1000022
999964
999808
999939
999717