1199
981
899
998
981
928
944
986
924
968
983
908
943
992
929
971
1631
914
941
1198
943
4960
1009
929
907
1035
930
2495
1730
2553
3534
1165
916
936
3790
935
3180
1019
2637
939
1011
915
2648
1160
2677
2012
1520
939
2661
1007
940
1490
1017
6076
917
1010
940
2773
1028
1612
3104
1015
920
913
1033
939
2845
1012
939
937
2323
943
1654
1009
930
909
1023
942
928
1008
937
925
1028
2014
913
1019
2694
911
1639
1388
900
1044
933
936
1018
918
909
1868
3161
1429
1003
926
913
1127
911
916
1007
932
950
1031
937
918
1017
937
1967
1027
937
3988
1033
935
931
1004
923
1242
1009
936
915
1603
962
2170
1022
912
928
1045
933
911
1007
943
941
1005
937
907
1996
936
905
1008
2479
2320
1125
925
912
1021
7511
1005
1005
1439
903
1005
952
925
1154
924
930
1054
938
926
1004
1201
2505
1005
2542
927
1023
939
912
1026
914
917
3452
1320
2612
1029
941
953
1020
916
918
1014
949
2439
1004
922
935
1045
909
930
1020
921
2752
1146
941
908
1030
2876
918
1034
917
926
1025
923
2853
1011
915
1659
1386
928
1667
2705
3904
914
1020
931
974
1029
1365
4275
1015
1050
1016
1970
908
989
1017
948
914
1023
931
926
1036
1900
917
1023
912
1881
1003
918
913
1015
945
903
1010
915
932
1033
908
926
1010
1688
944
1020
923
935
1017
3571
930
7333
933
1029
1038
926
1578
1011
938
939
1010
940
5299
1015
964
923
2454
1066
909
1036
915
919
1005
1583
8953
8255
931
4893
2343
4736
911
1474
922
2991
1049
919
905
1007
943
3321
1022
3471
3055
1010
953
924
1036
908
933
1051
2565
932
1016
921
4129
1040
909
901
1004
956
934
1006
1163
965
1055
930
1433
1056
934
939
1025
909
917
1020
946
914
1006
940
901
1058
3412
902
1001
927
929
1029
939
928
1006
952
929
1028
926
1925
1030
939
933
1029
930
957
1004
1374
934
1160
952
915
2341
934
927
1037
928
933
1026
928
933
1026
915
920
2612
957
922
1008
2141
911
1141
939
932
1019
2853
936
1030
2875
912
1031
949
915
1003
921
936
1049
933
928
3825
3431
4278
1016
918
1435
1021
958
915
1006
920
924
1026
907
933
1015
909
928
1029
911
921
1025
949
2328
1017
909
913
1047
937
928
1010
919
949
1011
938
2566
1158
914
2012
1006
927
921
1027
910
933
1023
923
905
1205
909
919
1027
940
916
1031
932
909
1040
2218
917
1010
915
938
1002
924
925
1033
944
919
1036
926
914
1037
942
926
1021
933
912
1657
922
904
1032
951
2583
1006
929
2408
1009
937
904
1011
909
914
1033
1191
904
1030
938
913
1002
925
2701
1012
938
943
1017
916
929
1012
931
935
1034
1380
2866
1023
940
905
1040
916
903
1576
924
907
1013
1789
936
1035
920
914
1445
918
934
1009
929
1580
1026
907
930
1009
917
934
1019
912
919
1013
922
924
1026
914
912
1023
935
942
1033
2615
906
1033
913
928
1028
916
921
1007
1329
917
1026
939
1051
1021
916
921
1004
921
930
1006
930
5498
1013
916
931
2187
3601
921
1030
1995
935
1011
940
933
1039
934
930
1011
908
907
1036
932
909
1016
930
918
1009
920
2130
1010
2792
919
1011
939
922
1014
929
940
1008
938
914
1012
900
3183
1038
899
933
1022
940
905
1021
5803
7086
1002
2043
2373
1026
915
908
1013
920
918
1015
907
926
1010
939
930
1001
924
932
1009
924
911
1020
942
931
1031
935
940
1035
935
902
1005
939
928
1021
932
902
1028
954
3166
1006
1136
905
1029
941
928
1032
917
957
1025
943
3307
1017
950
907
1005
908
904
1059
939
930
1019
923
936
1010
934
908
1027
1699
920
1023
934
929
1040
909
912
1014
930
933
1005
931
908
1271
939
928
1028
934
918
1045
932
1182
1026
931
957
1109
918
911
1014
939
932
1015
911
2229
1054
907
902
1235
909
941
1002
917
906
1010
953
935
1021
917
910
1054
929
903
1032
918
936
1034
943
916
1086
2257
926
1016
924
2801
1031
915
913
1001
919
930
1003
2614
929
1006
960
936
2108
922
906
1054
915
924
1034
916
2416
1005
913
924
1285
958
919
1030
1708
900
1030
2813
2676
1129
939
948
1009
3252
925
1033
965
930
1005
913
902
1042
941
931
1033
911
1667
1034
923
929
1024
956
908
2284
1535
928
1037
908
984
1061
943
945
1029
933
913
1029
966
906
1035
928
927
1044
931
927
1018
928
952
1028
917
906
2781
957
922
1001
2062
912
1027
943
920
1013
926
951
1021
942
936
1014
946
3086
1009
917
924
1042
920
919
1017
938
945
1033
933
909
1016
930
911
1032
940
929
1057
937
919
1031
924
953
1029
2095
2944
1025
946
3361
1019
943
928
1026
909
1360
1001
944
958
1008
908
1270
1013
957
913
1002
923
938
1058
911
916
1017
928
975
1011
917
917
1009
950
912
1034
942
908
1045
927
917
1026
915
936
1003
908
912
1011
952
918
1019
912
901
1034
916
928
1011
924
945
1038
893
936
1037
930
932
1003
940
926
1013
934
904
1001
914
938
1023
3512
926
1023
915
928
1005
933
934
1019
910
910
1006
910
2001
1013
912
907
1008
942
906
1022
1971
926
1025
917
929
1302
909
920
999
925
924
1008
922
901
1015
934
919
1038
943
933
1007
918
936
1035
935
936
1002
942
930
1004
2317
936
1017
917
926
1000
932
933
1021
931
924
1003
928
904
1006
932
932
1019
942
925
1009
927
915
1006
925
913
2599
930
914
1022
935
914
1029
923
935
1016
916
936
1009
922
927
1004
914
914
1013
925
936
2015
921
930
1021
1175
919
1041
910
933
1028
913
911
1003
911
914
1008
927
935
1018
932
917
1007
921
915
1018
919
913
1008
929
929
2496
914
929
1006
919
917
1129
929
907
1003
934
925
1024
913
1043
1014
930
932
1030
919
935
1005
922
915
1008
1026
911
1027
931
936
1006
919
911
1030
925
1027
1034
937
908
1002
918
928
1018
917
908
1020
911
3486
1030
918
913
2057
934
911
1011
935
903
1051
941
925
1013
929
920
1021
941
926
1033
3123
3297
1011
915
924
1037
940
917
1022
929
934
1024
3685
907
1020
940
928
1033
940
912
1011
912
924
1005
935
905
1033
916
915
1026
914
2370
1009
930
3087
1274
923
926
1025
927
2665
1022
913
935
1036
918
914
1021
916
933
1062
912
905
1009
934
923
1485
2209
926
1009
918
2535
1007
918
934
1011
942
923
1008
2775
1178
1012
924
932
1034
933
915
1029
919
921
1030
911
1268
1033
928
921
1586
1215
948
1035
971
930
1033
992
957
1011
939
911
1007
3149
917
1018
937
940
2955
915
936
1013
922
933
1022
936
1469
1034
925
925
1018
922
918
1028
1677
900
1021
917
936
1008
4315
911
1006
908
927
1021
936
5604
1027
919
906
1238
920
920
1020
927
923
1500
917
903
1022
915
905
1025
1798
934
1029
938
935
1013
937
919
1031
934
918
1028
933
929
1012
942
910
1010
943
907
1067
909
911
1014
942
920
1017
939
3399
1018
930
903
1032
930
915
1030
910
1040
1012
1003
1632
1016
931
906
1033
943
2936
2498
925
920
1004
911
912
1027
934
910
1030
909
927
3555
933
910
1010
918
929
1033
913
921
1014
908
980
1020
2951
929
1036
940
2896
1009
934
2238
1021
913
1043
1005
4355
910
1034
923
1034
1003
937
915
1016
918
916
1018
908
1711
1020
915
2535
1011
929
1080
1012
916
924
1012
922
940
3033
938
1008
1013
3196
937
1012
932
932
1013
916
920
1009
2941
938
1029
944
1838
1031
935
916
1027
941
918
1003
2098
915
1026
947
930
1008
927
2454
1038
924
925
1002
937
920
1021
924
935
1020
940
908
1018
942
920
1033
942
905
1034
910
933
1019
2211
4052
1016
942
906
1006
918
1147
1012
939
910
1007
916
914
1019
912
902
1026
923
927
1003
2262
902
1027
934
918
2733
3008
913
2777
922
934
1007
924
904
1031
919
3643
1635
934
913
1005
915
921
3244
920
908
1011
919
910
7214
1045
909
1025
933
902
1010
935
917
1705
941
909
1039
921
923
1008
929
928
1039
940
905
1013
1310
918
1022
916
3171
1025
919
916
1019
937
912
1040
918
2938
1021
922
911
2431
922
907
1025
915
926
1027
932
2132
1040
919
7075
1017
932
918
1005
935
929
1032
3035
912
2716
910
3041
1013
3484
929
1025
922
936
1022
920
924
1026
1805
936
1010
909
2287
1012
918
924
1011
927
914
1031
3227
3275
1026
913
911
1029
922
928
1023
914
926
1007
915
1067
3717
909
907
1002
941
922
1034
914
915
1140
936
907
1166
922
936
1001
2356
905
1029
922
917
1030
941
920
1018
940
936
1018
915
2628
1022
924
927
1034
2300
909
1019
1424
936
1012
908
931
1021
917
928
1033
933
935
1011
918
936
998
929
927
3393
918
909
1150
942
909
1025
907
902
1020
945
909
1007
1218
2673
1030
917
931
1039
933
926
3303
926
910
1012
935
914
1014
936
924
1012
918
904
1023
2373
936
1029
2921
3427
1015
917
915
1024
934
908
2939
912
1937
1012
940
907
1019
981
911
1030
922
933
1021
936
2610
1034
927
926
1022
911
939
1014
938
912
1035
936
910
1024
929
902
1017
921
923
1029
918
938
1036
918
907
1002
1337
933
1033
930
3230
1020
936
927
1025
929
918
1009
2978
935
1009
912
934
2133
915
904
1030
923
1473
1012
923
1654
1037
912
907
1033
923
931
1014
1206
909
1007
908
914
1540
938
908
1021
2653
905
1010
926
916
1031
941
913
1014
1216
912
1021
927
1166
1033
915
934
1020
913
940
1005
1890
904
1023
915
909
2452
912
920
1034
907
933
1013
941
900
1651
926
2716
1213
932
914
1006
935
918
1012
929
935
2736
924
910
1251
1525
917
1035
917
932
1021
911
914
1013
911
919
1020
918
909
1005
916
911
1025
941
910
1007
3088
930
1027
920
933
1003
936
919
1035
940
914
1024
914
2979
1032
911
938
1026
930
933
1021
930
928
1030
939
917
1026
912
931
1003
915
934
1007
920
902
1003
944
922
1018
908
904
1024
913
3343
1021
939
911
1005
940
916
1036
919
911
1005
941
927
1030
940
960
1022
924
927
1016
918
935
1036
942
901
1049
936
907
1037
910
911
1028
3341
1930
1028
940
900
1028
914
931
1005
941
932
1417
932
900
1430
926
939
1036
925
903
1938
914
904
1025
908
924
1016
1591
932
1028
938
1488
1032
940
904
1003
937
1132
1012
2275
1261
1014
941
924
1015
923
915
1027
930
908
1029
922
901
1025
929
2891
1034
931
927
1027
917
913
1034
938
928
1013
914
934
1031
1804
912
1039
928
3032
1028
941
905
1011
910
907
2399
921
923
1002
918
906
1014
924
933
1001
1208
1722
1023
925
925
1001
937
927
1004
939
915
1025
930
934
1028
939
927
2796
917
915
1001
920
904
1032
935
3430
1016
918
916
1001
936
916
1018
925
901
1020
929
933
1009
926
918
1026
926
923
1010
943
931
1668
934
911
1017
3052
911
1027
929
2911
1006
932
901
1005
930
919
1004
928
1494
1031
917
908
1019
909
932
1015
930
902
1009
936
2329
1011
928
903
2309
936
901
1027
920
916
1013
915
920
1015
923
915
1007
3232
923
1028
917
1351
1005
911
926
1019
912
930
1033
932
929
1016
934
921
1029
939
925
1010
907
933
1006
922
936
1010
927
932
1032
913
914
1014
919
901
1030
911
1059
1036
915
1020
1008
922
915
1014
914
928
1028
915
932
998
908
919
3049
915
931
1018
934
930
1037
918
915
1021
934
906
1003
913
909
1036
921
920
1832
923
932
1022
919
10778
1014
915
911
1017
928
930
1024
926
914
12815
938
939
1027
941
905
1032
927
928
1029
931
919
1035
930
905
3651
916
914
1001
918
935
1022
939
916
1004
923
907
1328
928
914
1009
913
938
1033
935
914
1018
939
918
1034
916
3179
2878
911
905
1035
922
936
1022
939
909
1030
917
1194
1034
1278
905
1016
919
918
1013
929
907
1019
934
934
1019
946
936
1029
920
914
1001
1704
922
1031
916
923
1032
922
926
1005
936
912
1006
929
911
1027
921
908
1001
913
928
1030
942
928
1012
921
1141
1094
928
907
1026
969
916
1022
939
920
1023
935
912
1032
921
921
1014
929
914
1016
911
907
1023
2181
939
1030
3270
920
1017
931
931
6362
1491
931
1018
1137
933
1013
918
914
1200
931
929
1020
2217
923
1011
919
1011
1016
908
906
1024
941
1192
1016
910
929
1012
922
911
1005
943
931
1005
929
933
1008
930
912
1004
924
929
1013
925
923
1034
930
921
1035
914
913
1031
930
1259
1032
938
902
1015
933
4315
1011
912
916
1024
913
915
1033
934
920
1020
3146
1833
1030
941
933
1001
924
917
1020
942
930
1014
926
932
1894
909
908
1033
2394
917
1023
922
908
1028
929
929
1026
4173
923
1005
943
1737
1021
930
2498
1034
933
922
1016
2232
903
1024
920
930
3117
918
904
1004
926
903
1024
908
923
1025
1307
3905
1001
918
3202
1002
910
918
2323
935
936
1009
943
916
1030
3035
2512
1012
927
3616
1185
934
909
1028
918
922
1019
924
918
1016
915
908
1017
933
939
1017
1046
936
1007
933
5728
1023
918
924
1032
931
923
1029
931
908
1028
940
2515
1181
939
902
1024
908
918
1007
925
900
6098
919
934
1018
929
916
1006
945
1221
2260
936
927
2400
936
903
1013
919
916
1011
5120
1897
1004
926
2568
1019
940
930
1010
1052
2335
2379
939
940
1019
923
936
1036
923
934
1312
933
902
1016
910
924
1026
913
910
1029
3692
2202
1008
915
928
1007
919
915
1010
925
1152
1030
925
913
1002
910
912
1012
2678
920
1033
915
901
1005
924
935
1173
937
3701
1020
940
1178
1007
932
1305
2870
927
932
1017
3042
904
1021
925
909
1004
927
912
1027
912
929
1026
911
1108
1017
907
918
1736
932
928
1023
932
922
1031
922
913
1008
915
935
1018
913
931
1016
909
916
1006
938
923
2295
1666
971
1017
925
917
1027
920
918
1030
909
924
1032
910
920
1029
943
904
1006
913
904
1020
908
914
1009
916
911
1032
911
918
1031
927
934
1008
933
901
1038
912
905
1009
910
927
1019
908
930
1029
924
918
1005
920
927
1018
1825
936
1035
915
909
1394
939
932
1012
946
903
1008
941
910
1026
942
2633
1013
1647
923
1031
939
922
1034
925
1925
1031
918
905
7292
941
901
1017
931
927
1497
919
3714
1033
932
903
2412
934
907
1059
933
933
1024
926
920
1020
909
936
1023
3316
2929
1029
915
931
1040
923
923
3562
923
913
1008
916
1493
1012
946
933
1007
920
906
1035
3057
929
1012
941
919
1011
923
935
1016
920
911
3318
927
914
1030
929
924
1032
918
908
1017
907
922
1003
940
932
1017
1097
913
7084
3504
902
1016
910
962
3122
914
903
1014
913
903
3650
920
1169
1565
942
922
1010
928
921
2481
907
921
1005
919
930
1029
938
902
1032
911
915
1016
933
908
1021
925
901
1001
931
910
3159
911
2511
1013
917
927
1166
931
917
1000
939
904
1019
923
923
1000
3063
906
1007
909
904
1011
957
904
1015
937
5005
1040
920
1615
1003
934
940
1210
938
908
1008
951
922
1018
920
906
3258
7037
923
1011
1816
925
1037
912
904
1027
960
917
1013
1279
912
1036
911
905
1030
931
926
1820
919
912
1012
1986
901
1000
913
914
1048
916
934
4484
940
943
1025
916
935
1021
965
921
1025
913
962
1012
934
909
1015
3904
924
1012
928
926
1109
972
5615
1008
999
1000
1037
7605
1036
1012
940
933
1030
1047
1062
1007
939
911
1092
924
909
1027
917
901
1036
1089
2903
1020
924
933
1947
935
902
1025
922
9431
1026
935
9712
1046
915
924
1014
925
922
1009
915
3128
1019
941
909
2084
939
906
1015
923
916
1011
913
934
2595
933
918
1016
3243
921
1016
910
915
1005
912
937
1030
934
912
1003
929
4170
1027
920
907
1026
925
910
1038
3492
915
1004
939
2345
1015
928
921
1135
941
5262
1032
911
1031
1009
915
935
1035
925
929
1135
3691
909
1031
981
935
1018
939
912
1030
2813
933
1840
918
3132
1033
939
974
1135
935
1044
1037
915
927
1506
937
939
1027
909
928
2728
1976
910
1020
934
918
1035
940
916
1007
933
926
1103
913
930
1029
942
920
1032
934
913
1013
918
934
1016
929
939
1024
919
982
1010
931
918
1008
922
918
1024
915
933
1009
923
931
1045
931
916
1005
921
927
1029
923
2121
1440
937
920
1023
934
905
1024
939
2058
1021
923
920
3739
915
923
1006
2094
922
1003
931
905
1052
924
908
1331
1618
904
1020
914
922
1028
929
918
1027
913
917
1030
2508
913
1012
1177
923
1020
931
907
1017
940
910
1022
915
984
1019
930
933
1016
923
912
1011
937
905
1020
909
919
1007
937
924
1004
919
906
1004
934
932
1001
933
2459
1011
930
924
1034
930
927
1016
943
930
1008
921
913
3143
933
910
1150
913
3159
3848
1079
909
1084
6993
925
1014
2850
917
1392
919
934
1027
3599
905
1005
933
916
1033
935
929
1683
921
922
1002
911
914
1020
923
902
1010
2534
915
1035
909
923
3254
922
908
1022
922
916
1013
942
1067
1021
931
940
1024
942
913
1309
941
1157
1019
3537
901
2006
912
931
1022
969
940
1008
912
3277
1022
915
921
1021
939
904
2585
931
905
1033
930
926
1009
924
917
1006
928
923
1018
923
3183
1020
924
929
1033
930
924
1006
925
924
1081
945
918
1025
927
920
1033
909
928
1012
930
917
1003
936
915
1003
929
913
1013
934
927
1036
2719
906
1033
921
915
1318
933
911
1016
918
3565
1029
924
1536
1014
925
925
1018
930
921
6953
914
933
1005
914
915
1021
925
924
1025
945
914
1018
910
919
1012
933
928
2002
942
926
1007
930
909
1019
924
918
1033
933
937
1015
926
920
1019
928
3181
1035
925
926
1036
922
935
1014
938
926
1022
935
933
1029
917
915
1035
929
924
1020
917
935
1012
919
911
2175
943
904
1018
912
930
1007
926
912
1076
927
3531
1002
3518
926
1011
911
924
1023
913
1287
1033
2404
924
1013
930
926
1060
914
905
1000
1558
930
1760
934
906
1036
944
968
1027
920
933
1022
917
932
1016
942
923
1033
2157
908
1035
928
915
1015
914
914
1025
1590
913
1007
1679
921
1018
929
910
1002
924
910
1042
911
929
1015
918
914
2294
928
934
1007
925
931
1027
936
903
1014
922
923
1015
943
910
1012
927
924
1037
939
927
1019
910
935
1016
3478
3734
1012
929
928
1001
941
2095
1240
926
921
5199
942
2010
1016
928
922
1009
929
927
1026
919
924
1023
932
927
1035
940
911
1028
935
930
1030
943
940
1008
929
914
1016
943
919
1032
934
916
1037
1623
905
1006
2412
3056
1029
1260
936
1009
942
904
1021
919
928
1032
937
912
1030
909
910
1012
909
907
1003
940
914
1015
915
912
1031
913
930
1008
933
1085
1001
922
919
2153
937
916
2448
3476
930
1038
1361
904
1033
913
916
2376
919
924
1020
930
1981
1033
918
915
1029
931
924
1024
924
937
1030
941
931
1020
1010
1040
1016
1045
927
1032
924
935
1029
930
911
1003
942
927
1030
940
931
1012
1877
917
1028
1241
907
1036
937
932
1023
923
908
1020
924
2548
1017
1444
932
1004
939
913
1010
922
918
1029
916
927
3266
1140
924
1378
922
914
1033
1759
904
1005
916
1323
1031
937
3443
3262
3460
915
1034
911
924
1012
934
935
3599
4022
920
1003
913
1979
1008
921
3262
1004
913
1350
1031
923
926
1003
938
922
1013
921
931
1002
920
902
1049
926
924
1027
908
933
1034
940
933
1012
1122
908
6948
1761
912
1016
939
945
1035
949
920
1023
961
907
1022
8475
935
1051
928
907
3275
922
943
1021
937
934
1007
935
926
1006
926
918
1046
917
909
1019
908
938
1027
933
905
1003
964
902
1010
3463
923
1055
920
932
1031
940
930
1010
933
909
1001
951
934
1034
916
910
1047
1695
930
3272
931
927
1006
935
921
1007
938
908
1014
924
905
1531
943
917
1028
918
950
2188
935
932
1028
959
918
1029
2103
928
1642
1656
908
1020
934
958
1023
919
913
1014
955
916
1022
921
903
1044
946
907
1026
927
933
1022
908
908
1018
954
914
1037
922
920
1034
925
916
1036
912
934
1064
933
921
1016
3444
903
1005
939
900
1058
910
907
1017
929
956
1002
924
909
1026
957
3270
1014
916
931
2659
909
959
1034
913
920
1015
930
936
1014
928
929
1031
920
928
1040
930
922
1025
941
916
1002
938
928
1002
1886
2683
1013
910
931
1021
922
916
1010
925
916
1002
909
915
1001
937
934
1144
912
924
1444
912
929
1036
923
932
3112
940
926
1019
933
934
1016
935
906
1016
927
919
1012
8785
932
1017
3408
907
1007
934
904
1001
916
905
3159
3103
905
1020
929
1919
1025
933
915
1026
946
902
1037
926
1599
1037
913
918
1004
1473
1887
1033
917
902
1095
936
934
1017
3665
914
1015
943
926
1029
930
919
1003
3265
2071
1004
931
935
3323
920
905
1029
939
916
1031
920
940
1028
937
923
1031
943
919
1025
915
922
1064
933
902
1020
916
930
1031
910
931
1032
911
914
1001
928
927
4803
940
902
1030
3419
916
1004
924
919
1025
941
903
1638
3090
909
1028
916
1907
1032
936
916
1001
925
907
1417
941
1173
1033
938
926
4594
922
903
1031
935
939
1001
939
3055
1013
945
924
1008
928
905
1047
907
910
1001
1991
3209
1006
942
927
1032
933
928
1009
934
905
1005
924
910
2431
914
929
1014
924
920
1001
931
929
1028
939
924
1013
945
914
1003
942
4492
1029
936
926
4165
928
929
1530
913
927
1014
943
916
964
912
928
955
908
935
946
937
929
945
920
2275
950
921
929
972
909
927
949
913
1656
966
934
922
3488
907
926
959
3775
917
956
925
3318
953
922
904
956
925
911
959
908
906
959
932
926
944
932
917
977
2255
929
977
1119
914
1011
987
936
972
2191
900
944
965
920
961
926
901
988
919
918
969
928
947
954
1644
925
961
966
917
944
915
901
980
912
921
961
920
935
1020
923
915
971
3591
3013
956
1039
909
966
3911
909
955
931
927
955
936
930
947
2904
927
954
932
907
4221
4807
935
953
922
929
967
921
911
950
943
933
963
908
3324
992
931
922
953
933
3162
1359
934
3250
950
2255
912
1696
935
901
994
925
922
974
923
934
959
2994
916
953
942
921
976
1273
907
981
929
925
1385
917
948
3279
911
5654
964
957
931
974
920
2147
5780
932
919
952
942
927
964
942
918
946
1019
984
950
937
908
999
1108
929
952
2932
1069
948
917
967
966
934
907
967
1058
932
1000
931
924
969
915
955
3624
908
914
972
937
3331
941
916
936
984
941
915
958
920
925
1008
929
909
962
953
908
975
908
932
977
2277
923
964
1668
954
951
910
924
974
952
935
946
927
918
984
925
905
961
918
937
969
921
929
956
931
2143
971
909
924
1029
979
927
940
925
924
1439
932
913
1932
939
911
976
926
929
1251
942
923
955
937
936
2297
1197
923
949
961
932
946
913
935
969
910
915
2238
937
1211
949
917
3301
956
965
919
949
936
913
977
938
908
959
928
924
968
910
1500
945
966
933
976
910
933
985
936
908
953
991
924
1423
930
909
976
954
904
969
909
905
979
933
931
958
931
925
965
927
2302
956
1399
905
969
907
937
969
918
918
952
916
939
952
924
922
970
1079
919
976
909
925
981
921
923
953
926
958
1563
4382
934
967
945
908
976
940
933
973
2595
911
1207
943
1197
969
931
915
955
945
930
948
911
3358
967
933
915
4580
932
1164
964
932
915
946
949
900
967
920
922
2848
915
908
959
911
955
974
914
926
2834
965
901
965
3634
904
975
917
902
968
933
948
950
918
931
972
960
2138
971
936
932
990
943
910
2149
2027
941
945
1056
914
962
951
1104
965
915
2469
997
1305
1970
4818
928
929
980
940
904
956
956
907
963
2686
919
978
917
901
959
930
930
963
919
936
959
960
1159
947
938
911
1575
1514
935
975
918
929
966
942
932
3275
951
913
974
910
2381
980
912
919
958
2749
953
976
1453
935
972
934
922
974
922
906
1006
997
935
3129
917
941
954
936
2127
974
964
3362
965
1363
925
966
933
2270
2285
909
955
973
921
1209
952
998
926
946
1449
911
997
992
902
955
977
936
948
975
929
1712
2736
915
946
995
927
2189
998
915
952
980
930
972
996
1279
958
1018
1174
968
1521
905
988
3386
903
972
1957
940
968
965
934
954
1004
924
966
978
935
996
2494
923
972
984
1346
943
4520
928
942
997
910
942
987
914
984
983
907
948
991
2099
956
982
2975
965
1009
918
953
984
1715
973
976
919
951
985
950
957
1371
934
963
1000
902
955
997
943
1953
983
914
1015
2228
933
944
968
907
965
1012
2371
962
2477
929
987
2489
922
979
3610
1305
975
975
903
1146
1007
4949
944
986
926
957
974
4114
970
981
969
2583
990
5531
1535
997
3138
952
1000
912
1832
968
918
2877
1000
926
970
987
912
2593
2639
5191
962
1693
915
964
976
2107
963
999
4056
1079
989
916
2280
5675
931
1928
983
934
2604
969
3433
944
1028
916
953
1662
926
981
3492
934
1032
975
944
4416
983
900
949
997
901
982
1549
918
999
2465
923
947
971
926
942
982
924
975
2701
919
959
986
944
2404
2717
936
962
995
1196
968
10025
1188
948
1017
1759
961
971
924
1000
987
925
974
2680
957
951
995
901
950
1002
906
962
999
902
994
3820
933
952
8509
939
976
1000
926
946
1011
933
963
995
925
994
999
909
1924
978
938
942
981
1695
943
1012
917
961
989
921
1002
1002
937
956
1593
942
968
3182
923
1949
992
905
959
2420
929
990
978
919
959
999
935
947
985
906
969
1013
915
955
984
930
1209
998
930
3009
1177
937
976
985
909
971
1026
908
949
6029
915
971
977
918
972
971
940
963
988
914
952
3792
935
960
1814
957
968
991
1839
949
972
950
2801
1279
925
948
1007
2404
968
979
925
984
970
927
944
997
946
963
977
917
950
1011
932
953
970
923
965
979
902
3597
996
1245
1975
987
913
956
2439
924
950
979
929
1168
980
912
967
978
938
957
971
909
952
1023
910
948
1000
913
2401
996
912
957
971
941
952
996
910
1033
1020
3428
970
974
921
980
998
924
963
970
936
6148
972
913
970
1883
915
958
982
934
991
977
929
955
973
927
968
1002
934
3573
2163
931
1366
984
927
981
996
934
964
977
948
4525
997
923
976
1873
920
948
989
932
971
983
914
4793
999
946
1484
3227
924
949
997
926
943
999
922
986
993
926
944
982
925
954
1270
914
960
958
904
1086
924
909
1007
3105
902
966
921
947
955
921
902
944
1454
2084
3786
930
909
971
935
914
3241
1159
925
946
1951
916
980
1001
918
907
952
916
3601
915
993
900
947
960
925
1080
921
1130
982
914
928
961
1346
923
960
942
928
954
946
1153
950
928
922
2310
908
917
973
911
1831
950
959
929
2413
925
921
949
1346
911
976
910
903
1014
923
911
944
926
928
2878
2782
913
978
1466
2411
956
914
932
948
947
915
957
924
920
6804
921
912
955
1933
952
947
919
930
970
966
904
955
941
926
980
938
919
1365
920
949
970
933
932
948
1078
2678
1470
916
921
988
922
2834
1109
920
923
986
914
927
965
949
936
972
927
1656
972
924
932
968
935
921
948
1920
5000
965
1447
928
2416
920
909
995
931
906
972
984
928
978
932
1473
963
933
904
969
917
1532
976
929
5769
949
1713
957
1130
4599
906
973
1761
904
955
1275
898
1006
917
900
972
931
953
966
1573
2867
972
1037
4022
2115
1329
922
975
922
928
957
1049
940
972
917
921
1715
2687
909
3018
932
2159
973
908
933
958
933
3746
962
936
929
953
954
2436
1247
931
911
976
918
903
974
911
1890
973
918
922
3412
960
931
950
5468
926
976
929
918
962
942
929
963
974
902
949
941
930
946
938
1181
954
911
921
946
940
936
969
1418
932
944
946
932
967
912
2419
972
943
3239
958
910
936
973
925
5835
2146
912
929
963
933
899
959
3735
2509
4408
929
910
956
936
925
968
930
925
961
918
907
950
927
908
946
928
1243
953
941
917
969
925
925
951
1682
930
975
918
911
1172
943
4540
2379
938
911
970
943
912
956
921
2429
953
940
933
955
933
905
3924
925
914
967
946
933
959
936
930
975
921
914
963
915
930
976
910
922
945
978
906
977
920
916
964
940
923
948
919
930
2244
916
904
948
925
914
943
912
902
964
930
908
944
915
937
952
918
902
978
917
1374
970
925
1008
959
937
912
976
924
918
976
3434
907
952
940
927
957
943
2847
951
922
929
2392
2354
921
971
911
907
963
934
995
962
933
906
1959
916
904
975
944
909
1194
929
941
965
917
924
954
926
900
956
919
924
976
925
929
1088
3339
900
976
948
1782
974
938
934
952
922
1719
2271
995
907
972
964
930
953
983
916
953
2837
2751
966
979
916
974
4486
1341
961
974
916
971
976
926
961
997
954
960
970
905
951
4852
936
959
977
932
948
974
917
949
1033
922
968
988
906
955
980
920
2909
973
902
959
994
909
957
994
901
9134
980
2655
947
977
923
953
5795
909
978
998
2533
966
990
922
1930
982
932
978
3389
922
962
970
923
965
1885
903
944
1075
918
948
1897
918
960
987
906
1232
969
908
944
990
921
970
4019
899
955
968
913
963
999
1054
955
994
915
949
994
2171
949
969
924
974
3411
913
973
989
1938
2159
976
925
979
1008
912
976
990
904
953
976
1842
957
1000
934
1246
970
923
946
976
920
956
982
933
966
1063
925
969
992
916
3332
995
903
943
980
931
963
986
2380
947
3423
2601
978
986
912
946
2477
2181
957
981
911
972
998
933
964
991
924
1223
1000
910
4045
1346
932
961
980
5634
967
995
905
961
973
911
944
998
932
945
984
914
973
992
920
946
3415
906
975
992
927
970
991
1506
1507
967
914
947
1000
924
953
970
925
953
968
1173
1303
969
935
964
986
1546
959
1005
898
1884
968
903
977
983
924
970
975
4186
965
994
912
969
996
900
978
1000
3196
949
975
924
966
992
2280
975
989
910
955
983
3480
959
985
924
1211
978
900
949
972
911
975
977
928
1022
1203
927
1017
973
926
975
1001
928
969
1019
906
961
969
904
971
987
926
972
978
944
947
1002
902
1029
2401
900
950
991
1768
998
990
900
976
996
928
967
969
918
1042
1000
937
945
971
910
967
3539
918
952
1155
942
959
996
912
970
1012
918
1210
968
910
1148
1001
1949
953
3002
1611
966
2635
919
1124
1013
928
1047
984
932
972
1362
918
947
987
956
965
976
916
961
1020
908
952
1002
918
973
1016
917
963
969
904
968
974
2034
957
1175
910
948
971
905
955
3301
914
973
981
927
959
2640
904
958
985
922
965
997
941
960
981
1244
957
982
910
969
998
912
956
1040
915
960
998
930
1042
1020
913
977
999
925
974
1003
934
1001
983
911
977
973
945
5769
990
1104
954
2223
927
968
1001
899
982
1016
911
966
974
958
970
1003
912
1023
994
918
1027
993
911
977
990
925
946
991
926
951
1021
917
1136
1018
905
944
996
8261
977
989
914
2621
4203
952
966
971
910
953
2574
927
964
986
930
978
1003
1339
953
988
928
951
992
919
965
1007
902
958
969
928
1000
979
933
952
981
958
966
981
925
958
1024
929
943
984
897
986
1002
926
2946
986
933
943
987
928
965
1020
901
969
988
901
972
1302
918
906
966
1565
922
960
932
926
995
914
911
970
926
951
978
931
908
955
2596
925
971
927
901
1000
2303
908
962
938
2617
914
912
933
957
946
2470
909
908
991
969
916
933
1240
909
940
951
941
912
970
3071
905
957
930
903
994
932
918
944
919
942
1561
907
899
952
951
917
953
924
907
1000
930
2013
2744
909
3005
955
922
916
953
2059
931
972
923
917
984
1375
900
1536
925
929
964
941
1398
948
954
2778
953
917
909
975
915
925
960
919
928
964
919
899
946
939
935
971
923
933
983
920
2596
964
908
925
955
930
931
952
952
931
952
940
915
1106
916
900
976
914
942
963
915
903
952
938
933
959
927
902
987
926
907
963
937
938
979
926
930
968
2800
923
961
936
930
984
938
3077
948
922
958
977
912
930
959
960
902
965
932
932
1631
922
924
970
908
949
969
920
907
957
957
919
949
928
933
1001
925
905
977
924
946
974
932
920
968
2781
908
976
929
919
2489
929
911
968
942
957
961
912
924
958
952
913
1135
920
902
978
916
900
954
915
943
952
920
919
952
4176
2050
969
921
934
986
922
910
973
926
924
949
930
927
974
950
913
973
933
904
984
918
919
964
927
1408
947
916
935
1043
942
901
963
918
934
996
911
935
955
918
946
946
913
927
960
3178
918
1186
933
909
984
926
908
972
921
932
958
908
910
944
953
911
976
6625
925
1343
937
909
966
913
2018
967
907
919
978
1936
900
959
1151
923
971
934
933
963
940
953
963
915
899
950
938
936
952
928
915
970
910
929
971
928
947
2573
933
933
979
935
899
957
2723
1383
1001
916
1415
960
913
937
969
942
905
968
930
915
950
928
925
996
939
909
969
929
930
948
942
903
966
942
928
967
1534
921
999
932
929
951
919
929
3195
914
932
976
947
912
979
921
930
982
941
914
974
926
954
959
1267
934
955
947
908
968
931
918
997
3147
901
961
923
930
947
907
931
952
936
921
974
937
3547
982
915
908
963
942
958
3206
940
914
974
957
916
2136
926
926
993
926
908
974
922
951
952
930
999
961
964
933
956
914
913
987
921
927
974
921
941
969
937
932
980
1963
2857
951
921
925
994
925
901
962
923
949
953
913
914
1420
946
901
959
923
929
971
949
906
1198
926
951
960
934
902
966
937
932
956
916
925
1000
936
921
955
909
940
949
933
922
949
947
951
969
935
930
995
924
1731
958
915
957
948
915
932
965
931
904
950
933
899
1002
927
907
955
934
928
948
922
929
958
1094
900
976
927
929
977
922
5047
957
915
938
954
925
913
959
3159
912
947
918
906
967
908
2535
978
921
946
978
922
930
957
955
918
977
925
899
1121
924
900
961
921
951
960
919
932
953
962
924
974
911
914
969
922
924
2864
932
958
978
928
914
958
948
910
944
913
928
981
906
919
971
910
951
962
6655
1439
966
954
903
970
917
915
989
915
920
944
914
931
944
942
932
964
969
903
946
932
932
999
941
913
969
941
945
946
914
934
959
955
929
947
1363
918
985
907
916
947
924
942
959
935
930
952
964
922
968
1727
2025
993
911
928
951
922
949
945
924
916
971
947
930
3299
913
908
978
927
914
949
931
933
976
911
931
2664
942
924
953
1913
912
1300
1000
923
973
970
1573
946
986
901
961
1000
905
948
988
907
976
995
929
983
993
936
977
965
3154
947
986
913
953
973
906
991
3380
907
946
978
952
1715
981
909
966
999
935
957
981
908
974
975
915
959
984
957
976
973
928
973
1007
2967
2438
987
910
981
2316
925
980
974
955
954
974
926
966
989
935
949
972
937
3949
975
931
971
983
927
2707
979
923
969
1000
934
951
994
929
1002
994
927
956
994
943
961
980
904
965
1014
918
969
971
927
984
2833
913
975
971
929
973
986
900
953
995
935
955
973
3108
979
983
909
1722
981
934
960
994
926
967
1002
932
964
995
903
975
3471
928
978
986
947
947
968
909
963
995
906
971
969
930
967
3275
902
957
989
937
952
997
912
944
1006
2017
962
1180
901
993
971
909
962
2909
954
972
974
909
972
1007
908
961
975
1514
1000
992
908
972
978
936
964
1397
906
968
1024
900
945
974
926
993
987
924
979
969
943
958
1000
905
947
1012
3133
972
985
916
987
998
904
961
1007
922
953
999
932
1721
1005
916
958
1115
910
985
981
917
958
979
942
968
997
928
978
994
901
962
987
906
996
979
918
969
977
956
954
991
2036
963
992
914
976
1000
933
999
972
900
947
996
956
944
998
903
968
1013
914
948
973
931
1035
977
909
977
973
922
979
997
900
964
1000
921
969
977
911
993
971
923
973
992
937
955
980
3236
947
1011
918
956
1176
918
969
980
920
963
974
933
1809
985
930
968
989
899
949
984
900
994
992
918
952
1135
927
979
982
933
3139
1008
916
972
1312
915
986
986
930
945
966
2024
956
978
914
974
1014
918
946
1793
927
981
991
924
964
981
940
979
995
902
952
990
905
3430
975
920
991
973
925
973
987
925
967
994
923
965
999
920
956
1371
906
984
980
901
967
973
933
979
2080
933
947
1020
930
979
983
906
976
969
934
1910
983
928
974
984
929
979
989
920
975
967
901
976
966
911
965
969
934
3158
973
912
952
999
907
948
1146
931
978
997
915
967
975
10244
962
983
901
945
1011
2221
976
985
925
984
994
909
965
986
946
955
983
6032
3242
1022
918
954
2370
922
1101
988
929
974
972
2035
951
967
902
951
1001
900
977
991
906
994
989
901
951
973
932
2784
991
920
944
989
901
952
991
906
989
1002
3044
969
977
925
965
980
927
1040
996
916
962
1089
931
995
983
916
3151
988
926
953
991
901
958
1005
911
975
980
927
997
973
914
969
973
923
967
987
2272
953
993
925
957
1775
899
974
972
902
945
987
941
978
997
915
954
995
3460
965
992
933
968
997
924
971
986
2848
965
2162
909
2014
1020
929
956
985
903
1002
2545
924
957
977
950
3767
990
927
977
998
920
946
989
930
986
982
911
970
982
944
967
965
908
960
1013
928
955
997
901
997
980
911
961
977
937
953
989
928
3690
1019
921
956
1004
900
969
966
906
957
981
927
969
981
905
977
1017
931
951
973
919
967
973
915
948
994
937
979
968
929
972
997
933
971
997
908
968
984
916
979
996
945
967
980
8422
969
1000
928
944
973
917
930
1014
918
921
1918
937
916
3511
922
910
1024
1276
923
1017
921
943
1022
929
935
1005
965
917
1012
939
2205
1035
924
905
1002
2319
944
1011
2429
918
1021
1303
916
1017
927
923
1039
936
920
1034
939
946
1035
928
935
2163
955
908
1021
922
903
1030
923
927
1031
928
944
1004
937
910
1027
942
911
1032
923
922
1051
925
918
1037
908
934
1008
928
926
1002
935
927
1008
932
927
1047
940
2422
1022
923
928
1002
943
928
1021
953
930
1017
914
933
1050
939
926
1016
923
3425
1019
938
912
4762
932
901
2991
941
911
1032
932
923
1035
926
924
1021
913
914
1019
2832
933
1000
931
905
1028
924
916
1004
942
929
1018
910
925
1024
965
906
1026
928
935
1032
939
927
1007
934
956
1016
937
924
1034
949
915
1032
924
926
1044
942
907
1020
911
936
1036
1180
3096
1013
964
926
1025
943
921
3323
926
918
4536
937
923
1001
935
916
1021
941
910
1037
938
935
1050
926
928
1006
940
940
1024
914
902
1019
945
912
1030
923
921
3021
925
910
1020
921
940
1019
2884
902
1023
938
913
1036
920
910
1056
929
921
1029
908
1747
1004
922
910
1002
949
906
1033
939
907
1025
919
921
1003
915
944
1037
911
2299
1028
958
929
7706
918
917
6407
929
907
1028
907
939
1024
935
923
1022
936
927
1017
1783
920
1047
1323
913
1041
916
932
1004
932
927
1036
950
908
1023
930
915
1040
912
923
1022
935
940
1010
937
905
1002
932
929
1028
917
926
1031
919
924
1009
934
947
1022
934
929
1027
938
902
1030
934
909
1054
907
930
2649
932
945
1738
942
936
1002
962
918
1016
937
927
1041
916
920
1034
936
945
1014
927
913
1010
945
910
1034
937
920
1055
917
904
1779
924
950
1012
907
906
1005
1869
909
1009
920
911
1031
913
905
1022
930
928
1021
1149
936
1021
945
914
1006
2652
917
1054
943
906
1004
919
935
1016
933
924
1015
950
1153
1021
11406
908
1035
942
935
1146
920
945
1015
937
914
1032
939
916
1009
922
901
1046
910
905
1017
940
944
1019
930
909
1030
931
921
1006
908
910
1045
941
913
1015
910
923
1013
927
925
1012
947
3023
1021
917
900
1059
923
929
1007
931
938
1024
934
902
1025
962
914
1031
933
935
1039
925
932
1034
910
966
1026
926
907
7483
957
926
1006
912
928
1048
930
934
1011
3441
933
4114
922
1148
1003
958
905
1034
931
928
1051
922
914
1028
911
923
1825
939
901
1026
960
936
1014
919
907
1034
927
927
1023
931
934
1013
919
936
1022
949
1813
1021
907
913
1035
1509
924
1027
912
943
1018
935
903
3514
961
2289
1031
926
931
1054
916
927
1035
922
943
1003
1296
1093
1036
934
933
1028
933
924
1056
920
922
1013
940
954
1002
911
922
1831
962
934
1005
915
906
1059
3484
926
1031
913
941
1018
924
918
1009
953
902
1018
924
2028
1048
920
919
1002
940
940
1024
922
910
1023
960
905
1004
912
936
1047
916
2611
1035
943
955
1010
933
917
1031
945
913
1034
933
917
1033
943
935
1034
916
938
1015
2399
926
1011
935
930
1019
912
900
1039
923
920
1026
911
967
1010
920
1178
1031
2936
924
1014
930
916
1025
911
926
1021
923
917
1010
918
1459
1029
938
907
1010
937
936
1029
924
926
1015
937
927
1021
926
1025
1030
934
900
1025
932
926
1039
929
923
1023
940
917
1011
930
911
1024
918
901
1011
935
918
1037
924
3526
1021
937
924
1020
922
3565
1003
912
917
1188
928
917
1043
917
903
1037
2539
930
1004
925
1355
1034
932
922
1021
931
912
1027
925
984
1935
936
1189
1020
2950
919
1028
928
924
1018
928
925
1034
913
903
1012
939
1453
1012
937
928
1016
938
915
1103
1567
2781
1039
922
934
1009
909
913
1017
912
910
1018
1401
914
1004
919
922
1040
917
908
1026
938
923
1033
923
901
1014
933
920
1008
944
920
1018
909
913
1356
3143
911
1028
931
919
1007
912
924
1026
937
912
1035
910
909
1003
919
916
1026
1216
916
1019
943
902
1022
910
930
2946
916
905
1024
930
935
1010
920
3457
1021
925
911
4505
926
931
1030
932
902
3194
931
4823
2759
928
904
1019
936
931
1008
924
916
1762
942
927
1023
925
3990
1032
1444
901
1002
925
4751
1027
924
910
1107
917
925
1001
908
913
1005
935
915
1000
2050
909
1019
917
909
1027
941
911
1030
923
939
1030
908
915
1005
931
917
1019
934
936
1042
926
922
1017
936
916
1022
908
923
1021
5184
936
1011
930
903
7895
925
915
1009
943
936
1026
911
907
1002
921
2972
1585
917
928
1021
932
908
1035
919
918
1012
938
2627
1019
944
901
1012
914
928
1014
926
916
1018
912
930
1024
932
936
1007
945
2918
1024
916
917
1030
927
920
2563
942
915
1029
923
3332
1027
941
903
1007
916
908
1034
2999
918
1012
922
927
1035
935
909
1035
935
917
1017
920
929
1010
912
905
2561
937
907
1007
908
914
1020
937
904
1024
924
933
1028
941
917
1013
920
921
1033
935
904
1035
943
914
1020
908
911
1012
932
908
1008
924
2677
1004
942
922
1006
943
932
13239
908
931
1025
934
921
1001
928
931
1013
931
2912
2467
937
914
1014
942
3545
2802
920
935
1012
937
923
1018
937
910
1017
919
911
1013
3065
912
1025
910
915
1358
928
937
1002
920
910
1019
918
919
1036
935
913
2383
929
925
1009
912
907
1026
918
905
1005
947
903
1019
930
926
1029
934
3202
1012
3245
927
1004
937
911
1025
946
912
1008
910
920
1032
2099
914
1032
923
3392
1031
942
909
1034
935
930
1033
908
916
2479
932
910
1021
3516
2885
1005
2268
915
1026
919
931
1019
937
915
1010
935
935
1033
931
906
1004
912
2377
1009
3168
911
1029
930
907
2205
918
917
1008
928
926
1019
935
1660
1038
921
921
1012
3280
923
1012
921
2613
1034
930
937
1036
932
935
1015
913
2765
1030
940
4559
1038
920
900
1015
917
934
1029
921
1539
1032
922
910
1034
941
907
3266
925
906
1000
907
918
1392
937
932
1028
938
924
1017
908
925
1026
1123
906
1022
909
940
1007
1840
918
1011
937
902
1014
918
926
2383
943
932
1036
933
929
1004
3232
906
1007
1989
936
1001
916
1625
1038
907
900
1014
919
1754
1024
937
922
1026
3238
928
1010
939
909
1022
925
926
1003
922
930
1036
925
1777
1027
913
935
1034
912
911
1030
3552
928
1026
919
929
1028
933
924
1018
935
908
2549
941
915
1022
912
911
1031
939
933
1035
925
922
1011
919
911
1028
943
934
1018
940
921
1040
907
924
1002
909
923
1003
944
914
3154
937
919
1017
937
934
1025
3954
917
1010
921
928
1040
2871
917
1003
3895
921
1012
909
1788
1002
929
1590
1027
3253
934
1021
946
928
1012
917
936
1024
935
917
1015
908
1772
1028
917
912
1293
925
907
2529
937
8378
1044
907
907
1007
925
926
1032
908
932
1026
912
904
1006
930
920
1025
942
901
1014
926
939
1026
934
909
1032
945
920
1138
924
904
1006
923
3327
1018
937
937
1020
908
936
1004
914
914
1016
910
936
1017
926
915
1023
923
3483
1019
931
913
1830
915
935
1002
942
928
3658
938
918
1013
917
938
1004
2288
911
1032
922
925
3294
928
926
1021
3708
916
1027
920
912
1009
923
923
1036
926
917
1019
919
931
2666
922
930
1004
908
935
1023
2271
912
1022
912
928
1029
916
921
1006
915
905
1000
933
934
1005
928
918
1015
2130
924
1017
925
932
1029
926
912
1020
916
929
1026
918
935
1004
920
920
1016
920
918
1342
934
935
1036
927
926
1007
922
906
1614
945
929
1009
1199
908
1039
2674
914
2875
921
917
1022
941
920
1029
944
926
1018
909
902
1040
934
935
1241
941
905
1030
909
3447
1013
915
923
1029
922
901
2445
928
920
1010
914
912
1006
919
935
1011
933
3203
1005
925
935
1026
917
919
1028
3064
918
1026
909
904
1032
941
905
1014
920
906
1011
1280
906
1010
940
906
1012
936
922
1027
3243
907
1029
937
911
1017
919
913
1733
927
931
1003
1314
930
1032
1283
935
1035
918
916
1015
911
928
1022
922
906
1002
936
908
1006
939
902
1036
1011
4551
2342
911
929
1009
909
908
1014
938
911
1006
914
924
1031
911
920
1037
927
905
1587
919
7044
1020
929
3197
1010
2539
928
1036
912
918
1039
911
934
1023
912
919
1020
939
913
1026
943
918
1026
942
2674
1046
907
912
1014
938
933
1035
942
2749
1022
915
2419
1028
3464
929
1029
3573
910
1031
913
2883
1021
930
924
1018
1074
930
1003
941
2080
1015
936
902
1026
928
924
1958
929
3027
1030
911
932
1011
928
911
2476
938
3117
1009
2829
3134
1002
1302
923
1002
916
3182
1022
908
1419
1030
908
916
1031
907
923
1010
928
909
1034
929
930
1002
930
925
1007
931
901
1003
940
918
1035
924
905
1030
919
934
1010
919
903
1038
920
917
1005
924
907
1011
926
902
1021
931
904
1001
934
936
1035
939
915
1027
923
919
1031
919
931
1030
912
909
1022
918
1217
1020
927
924
1034
941
931
1029
911
912
1022
914
907
1008
927
922
1016
908
1077
1036
925
923
1017
927
902
1005
937
914
1028
930
1420
1031
942
910
1026
2439
921
1019
927
920
1027
946
4921
2639
941
901
1036
917
971
1016
909
936
1036
936
907
1009
921
909
1022
909
901
1022
918
904
1023
934
918
1004
1800
3084
1015
921
909
1010
920
936
3130
909
901
1028
915
911
1021
935
917
1028
1300
930
1005
926
909
1026
937
907
1026
3329
929
1025
913
927
1030
944
921
1013
936
903
1292
942
901
1035
946
909
1034
909
930
1023
944
910
1023
2668
931
1023
907
921
1649
920
914
1016
931
906
1011
928
925
1023
921
903
1033
935
910
1033
920
911
1012
942
902
1029
920
4208
1006
938
921
1024
939
932
1034
937
923
1696
930
908
1026
917
2381
1003
910
926
1026
912
908
1028
936
4585
1016
912
901
2434
934
900
2060
914
914
1015
3321
918
1029
940
932
1003
926
908
1036
927
912
1006
930
1868
1027
910
921
1015
2763
917
1034
927
930
1026
924
939
1034
918
906
1006
923
2299
1014
912
913
1024
942
910
1014
915
914
1029
909
904
1035
916
935
1005
930
3534
1034
2227
915
1018
3762
917
1270
914
924
1032
942
3418
1003
921
1699
1033
934
3907
1036
1632
926
1028
1228
916
1035
919
917
1012
1465
937
1031
914
913
1029
926
931
1002
935
912
1023
934
918
1030
933
933
1016
938
923
1016
921
904
1034
931
920
1026
924
906
1035
937
906
1029
939
922
1002
931
906
1006
913
2670
1013
943
915
1025
928
939
1026
908
3401
1037
914
929
1028
934
914
1005
923
916
1009
910
923
1005
917
903
1032
936
2699
1023
923
933
1015
916
930
3149
936
904
1004
932
923
5925
928
936
1012
908
934
1041
924
942
1004
931
919
1001
914
909
1034
938
934
6585
914
941
1006
907
902
1313
937
913
1004
926
907
1046
1249
933
1009
941
937
1038
930
918
1002
952
903
1025
927
922
1039
916
913
1020
925
953
1032
940
912
1009
942
914
1027
942
921
1056
923
923
1008
910
957
1011
925
930
2670
956
916
3170
941
913
1049
924
904
1010
939
938
1036
909
909
1014
949
916
1656
934
919
1056
920
915
1023
934
948
1031
922
914
1021
954
922
1030
918
908
1052
921
2379
1009
938
934
1032
3057
903
1020
954
911
1021
942
904
1046
931
905
1013
920
1548
1006
920
929
1032
935
919
1014
923
903
1573
926
927
1011
938
961
1026
942
918
2689
2799
905
1022
909
915
1916
9315
911
1031
914
953
1011
920
1313
1029
949
913
1013
1906
937
1039
917
914
1014
936
939
1031
932
1149
1014
947
919
1034
942
934
1058
935
934
1014
931
1263
1021
917
928
1022
962
904
1030
918
929
2927
931
926
1002
936
949
5622
938
906
1025
951
936
2639
936
933
1040
908
904
1030
940
956
1030
936
931
1007
955
919
1005
911
903
1038
912
923
1030
912
927
1022
2882
925
1001
956
927
1036
940
931
1058
921
920
1017
927
1365
1007
908
1184
1025
1907
4419
1029
914
933
1038
932
926
1038
918
957
1007
916
915
1036
935
919
1039
919
930
1046
909
911
1014
941
949
1002
939
926
1026
939
906
1027
1734
933
1046
926
930
1014
924
954
1005
913
906
1036
965
924
1026
932
929
1047
938
917
1013
907
934
1025
943
906
1005
953
913
1021
925
932
1040
941
909
1009
941
957
1010
921
904
1022
945
2984
1019
922
926
1047
3770
916
1025
3193
923
1022
916
916
1036
942
935
1009
909
903
1051
938
932
1024
941
931
1781
911
914
1022
954
906
1027
918
2887
1032
927
924
1007
3352
925
1031
936
922
1013
933
906
1015
927
921
1047
912
901
1008
909
934
1013
923
922
1035
939
909
1005
909
922
1033
924
926
1023
3098
952
2336
938
919
1033
942
928
1008
913
934
1055
938
918
1001
940
951
1028
939
918
2557
961
928
1007
928
927
1040
1202
918
1036
933
928
1034
919
927
1025
950
913
1021
933
909
1032
928
913
1006
908
950
1016
931
908
1008
935
2982
1017
916
1036
1045
3342
915
1015
927
937
1030
918
923
1029
963
901
1012
917
1880
1053
925
931
1020
939
959
1031
917
918
1014
936
929
1024
933
920
1043
918
1349
1154
912
927
1011
942
4961
1011
942
918
1009
940
927
1058
930
902
1006
939
942
1029
914
929
1020
958
928
1012
917
931
1042
922
905
1003
935
950
1026
918
934
1005
930
933
1025
923
933
998
929
929
966
937
934
971
936
3085
962
958
927
972
5569
900
965
925
914
976
928
930
967
938
916
968
955
1850
962
940
931
993
912
912
992
910
953
947
922
927
944
950
2885
959
911
913
993
3501
921
975
929
948
3548
919
911
953
947
903
974
914
1990
972
927
930
955
938
958
951
941
910
968
955
928
964
924
909
982
937
906
971
909
958
959
907
924
961
951
928
959
927
909
1003
940
935
954
916
956
3269
932
920
967
961
925
969
912
915
972
928
909
966
937
940
954
933
936
4931
942
912
974
931
911
989
917
903
5353
912
941
944
935
907
971
935
922
948
3524
923
978
925
904
3747
923
950
963
915
932
976
936
2015
963
916
931
994
2218
932
965
908
938
1530
943
916
954
952
908
973
922
919
998
911
913
953
928
932
964
938
916
950
931
4441
976
928
5533
967
929
918
950
917
951
950
914
922
952
955
933
971
925
905
994
940
906
975
922
949
2193
914
913
946
939
916
1943
928
917
966
931
923
950
915
927
977
942
938
947
955
935
942
915
934
971
919
3314
976
938
945
946
908
2115
952
965
924
971
2212
933
969
938
908
948
922
937
955
939
914
959
935
919
2084
927
911
973
933
914
1073
915
935
946
916
6073
958
960
929
947
935
906
980
2520
904
959
920
955
2583
927
904
965
936
903
952
926
917
969
931
912
948
908
957
962
909
910
962
937
909
945
915
905
969
935
928
965
917
937
972
941
934
942
939
905
948
918
3325
975
920
914
975
929
956
1085
921
926
975
937
910
941
908
917
987
917
922
949
932
932
969
912
907
6862
955
921
963
941
922
987
939
911
958
934
944
972
933
909
953
962
938
955
2552
929
985
930
918
970
938
942
970
923
915
976
960
1083
950
911
906
979
932
924
968
922
938
963
926
912
3554
942
907
954
935
7447
986
942
911
976
935
927
943
916
930
943
960
920
969
929
903
974
940
929
955
1448
950
948
935
902
949
935
918
954
915
922
981
931
918
963
939
939
968
943
930
958
938
901
965
917
910
966
912
918
4282
934
1129
942
910
927
953
939
906
943
908
912
1000
912
2177
955
932
928
961
1306
908
973
962
925
943
923
904
1191
934
917
3793
915
935
1227
931
2182
977
942
902
2345
934
915
966
918
903
965
909
2671
975
924
925
958
2504
933
972
907
904
993
938
2501
956
914
936
969
915
924
950
957
922
961
929
904
968
938
917
944
927
932
973
935
929
970
952
927
2426
913
921
973
931
919
953
1320
933
950
936
923
978
940
918
963
935
907
2255
930
905
972
917
941
972
909
926
945
952
931
961
913
919
986
909
917
964
907
925
956
930
903
943
943
901
971
922
910
999
3866
906
957
935
958
948
934
927
956
934
914
966
909
912
1566
924
909
979
921
1016
977
915
906
948
964
915
959
942
911
1808
917
917
2257
913
7456
982
910
912
946
3095
903
5347
911
935
967
943
917
954
915
928
986
910
1595
946
958
917
951
1549
933
2953
923
920
1112
910
926
2911
937
938
958
956
932
977
937
931
983
941
910
2296
931
955
974
912
925
950
943
908
975
929
919
969
966
917
958
970
925
2431
6208
936
945
1018
916
959
976
907
984
991
935
970
987
928
969
991
910
945
995
918
969
998
923
993
996
935
948
965
938
959
972
932
943
1013
925
973
972
2456
1000
977
907
942
984
959
962
963
928
958
995
901
974
980
910
966
1000
903
973
985
927
974
970
933
950
1007
921
943
1001
904
990
981
917
960
982
930
1744
985
928
941
1024
920
967
2068
934
997
970
914
960
967
924
968
981
903
957
993
905
957
994
914
966
977
917
946
995
939
963
999
918
977
1009
910
2800
994
909
994
989
917
976
966
936
3331
1001
932
968
1010
2473
942
989
928
988
994
923
944
990
948
950
972
931
946
1011
903
952
967
931
998
970
902
967
998
927
968
988
930
1003
1002
916
961
980
3220
984
976
907
973
2798
943
975
987
919
978
1020
921
954
971
919
979
991
929
943
966
938
969
991
910
947
994
903
955
1003
910
3448
976
921
942
977
948
3556
980
923
957
1016
903
955
971
905
989
997
912
950
983
957
972
976
935
959
959
920
962
975
1457
981
1051
912
959
970
936
960
1000
931
949
995
935
952
1000
932
947
967
923
981
975
927
965
983
901
984
997
932
956
970
905
951
2805
922
951
988
944
961
984
905
3165
973
928
963
976
1309
967
987
929
963
978
934
964
976
907
951
993
918
972
989
911
957
996
926
981
967
916
950
991
908
971
998
918
954
995
920
960
989
2188
958
980
928
971
1681
934
948
1005
919
956
971
915
964
994
903
965
998
927
964
972
915
970
978
1082
967
977
930
981
979
932
944
977
926
955
971
927
3390
996
934
949
993
915
981
997
920
953
993
909
977
975
923
971
972
905
950
979
917
970
972
923
967
981
916
967
975
1746
3243
995
935
976
980
901
968
975
923
941
975
929
960
999
924
969
972
903
964
968
2240
965
973
902
959
1682
929
967
971
926
966
1176
903
972
968
905
977
982
919
2056
975
940
943
969
1570
968
997
909
966
975
908
2817
982
921
971
992
907
3134
985
902
959
996
908
946
973
913
965
983
925
949
968
907
973
1002
913
942
972
927
977
995
909
962
974
929
970
976
933
1451
973
908
956
991
926
952
977
919
957
974
935
965
984
918
952
995
913
970
3713
2459
948
993
932
964
1664
915
966
972
915
965
988
934
972
1000
908
966
987
920
951
993
901
964
987
918
950
980
917
953
1002
920
963
996
917
953
979
936
971
992
921
954
979
931
953
981
932
965
971
902
969
999
928
969
987
965
975
993
932
995
995
911
945
909
957
972
925
937
1644
930
1215
972
910
928
984
941
1788
945
908
932
950
915
921
943
939
923
959
934
2398
979
924
902
973
1668
954
978
5438
931
973
942
932
971
935
933
994
920
905
957
927
933
957
912
926
947
950
927
955
916
922
974
924
906
970
909
952
2790
913
911
962
945
962
970
934
904
978
912
909
973
927
949
904
963
936
916
974
943
918
954
932
956
977
940
907
957
955
1599
956
921
903
993
937
926
972
933
924
953
1368
915
969
964
901
971
926
901
980
2494
902
964
926
949
1668
935
915
977
967
926
976
936
921
969
933
907
969
931
936
962
943
901
956
932
905
951
923
924
974
940
915
945
934
927
943
910
1272
951
946
935
965
930
910
986
919
916
946
909
941
953
935
1057
963
950
2378
957
922
932
986
930
916
945
939
930
969
931
931
944
937
921
951
923
926
969
908
932
944
934
953
967
910
917
970
957
901
950
2540
918
977
2319
913
1689
913
931
958
4764
928
973
933
930
960
930
909
978
925
905
953
923
938
3589
911
917
961
944
927
949
932
908
976
973
928
1026
944
5772
3016
941
912
959
946
1037
971
936
922
993
909
898
968
928
954
973
933
901
976
936
901
973
931
902
995
926
899
943
927
947
959
918
910
973
948
904
959
924
897
989
920
921
966
2766
950
952
932
925
7567
959
920
961
937
927
978
923
900
961
943
928
949
915
914
950
950
905
956
924
915
1000
941
919
962
913
1438
971
916
927
957
939
1816
968
922
913
984
929
927
3009
915
954
951
922
899
970
932
932
964
931
928
971
1500
914
956
912
923
947
916
905
969
935
915
944
918
903
968
909
918
951
940
947
962
939
931
950
943
913
948
933
903
988
2710
903
945
928
943
965
918
1615
965
960
921
948
917
1789
991
909
913
955
920
940
962
942
901
973
940
1792
950
918
899
993
923
928
943
935
930
964
912
933
3125
936
914
957
933
931
3116
928
933
966
942
924
1967
928
919
968
5311
901
969
1613
909
999
931
918
3604
939
933
968
944
903
4229
943
905
978
920
10209
995
921
916
967
3621
929
965
929
917
962
934
930
956
944
3414
975
1062
2430
943
934
942
2021
918
917
946
936
2282
947
919
900
986
926
899
969
5491
937
974
925
913
962
4434
904
967
917
913
1000
938
922
976
942
954
3130
929
926
967
960
898
949
920
921
979
909
918
974
1595
927
952
937
927
976
959
916
943
940
932
996
929
926
951
910
927
968
934
909
961
957
903
952
920
919
992
923
913
981
912
922
977
3169
911
971
952
925
1991
929
932
996
917
914
952
908
931
970
942
907
947
962
904
959
922
924
992
930
2819
968
917
924
947
914
904
975
941
923
954
940
914
3593
941
903
963
915
2572
954
965
926
965
1002
929
967
984
908
992
993
912
969
997
926
957
992
917
1009
1007
911
959
987
905
993
982
901
1082
964
926
944
987
918
976
990
905
954
3028
923
975
979
915
974
980
949
958
994
931
969
1003
910
967
981
908
977
994
2763
959
8411
955
954
983
921
951
1014
904
971
984
958
995
971
920
972
977
2935
952
985
930
968
1026
932
3606
989
916
969
988
927
975
970
945
949
988
902
3630
2135
903
951
992
922
996
997
926
953
976
928
974
986
933
969
1022
913
951
997
927
1171
1003
908
948
3345
944
968
989
922
969
3020
898
971
991
926
999
1003
1805
974
979
951
971
1077
930
959
1021
3724
966
1147
924
6240
989
915
973
974
2535
972
983
4760
947
1011
922
963
973
907
975
1235
926
3391
997
954
953
2545
934
957
1023
924
975
1003
923
993
970
899
961
975
943
961
2170
928
950
1006
923
963
984
915
990
985
903
946
987
3521
968
994
930
977
1017
901
4765
992
921
987
978
909
970
1002
951
950
1000
2566
972
1011
929
951
988
916
2606
981
917
956
986
1811
957
997
911
948
1022
907
947
1082
904
1004
972
909
944
1851
926
952
976
903
959
1013
922
948
1002
3171
968
1001
914
963
975
950
968
987
1774
959
1010
903
971
989
917
1001
972
926
959
979
931
1397
989
908
973
1006
1380
974
990
926
997
989
913
958
978
961
968
971
1124
947
1026
932
971
993
905
982
991
921
950
994
930
2316
1000
929
960
997
917
954
1003
920
975
974
911
944
993
954
975
979
920
973
1002
914
970
993
920
971
989
902
971
970
941
957
994
930
10063
3458
905
965
988
916
992
996
918
963
982
936
952
2653
922
943
1025
936
1144
1002
925
984
1004
921
949
1003
940
977
1010
915
967
1019
932
967
991
919
980
978
2868
953
1000
944
967
3317
904
978
998
908
972
973
6231
984
987
916
949
997
957
979
970
913
942
1021
932
979
985
914
986
1000
1849
961
980
952
964
968
917
951
997
909
972
980
920
991
989
923
971
983
932
962
978
898
947
1021
924
954
991
928
975
988
899
976
2698
949
951
993
920
1128
1003
902
949
997
918
987
987
931
960
967
927
972
994
919
948
1013
921
958
997
1654
970
971
912
949
987
931
958
1002
914
962
1002
909
3158
974
929
976
971
926
967
1002
924
966
981
914
943
1595
908
957
1001
924
967
983
905
954
997
934
957
967
921
971
1001
924
967
987
923
970
993
910
960
998
951
964
970
917
972
2218
928
965
979
906
1000
977
927
948
997
940
949
983
2044
948
994
1297
951
986
929
985
970
898
965
999
923
974
973
902
945
1007
932
943
983
933
4533
1001
899
2607
982
952
971
999
932
943
1019
903
959
999
914
986
1060
919
974
1000
958
970
975
919
944
1031
910
952
980
900
997
1003
900
1086
981
1233
963
992
933
969
1007
906
979
1006
905
990
990
911
2458
3146
4638
975
1004
922
1421
1023
926
955
1007
913
1005
1002
916
983
989
923
961
994
928
1231
1007
902
976
977
906
991
1000
909
967
985
927
963
982
927
967
1020
923
965
997
926
982
1001
3120
964
978
932
972
985
902
977
1018
930
977
980
925
997
980
926
974
990
952
1027
977
931
950
1018
916
977
982
927
972
968
918
960
991
952
965
975
916
947
2525
915
944
971
897
1182
1000
3390
974
998
936
946
991
926
963
999
919
948
991
937
981
974
912
955
973
3305
978
978
904
977
1009
929
953
971
928
990
973
932
2898
985
957
955
982
909
961
1007
931
974
988
923
976
980
920
952
998
925
965
1952
928
975
1017
905
966
979
929
997
996
920
956
972
954
945
973
933
958
992
909
976
978
919
1001
1126
931
954
998
948
974
976
1954
971
1000
927
967
992
899
2536
974
907
949
978
923
1345
986
911
943
997
913
951
994
923
995
971
913
953
980
923
967
972
903
947
998
917
960
970
932
996
988
900
960
993
941
973
997
4641
953
4232
905
970
1355
922
966
911
918
944
921
934
964
919
922
957
957
1867
959
918
1066
993
910
931
950
916
956
956
921
905
963
937
929
969
940
925
979
939
921
974
932
939
1723
924
897
957
965
915
977
915
2440
988
938
927
948
935
943
958
935
914
943
944
2841
955
922
928
981
924
907
949
932
926
976
925
929
3884
967
902
960
931
921
996
913
932
960
910
937
964
2586
931
965
938
904
962
914
934
984
928
932
1529
920
950
943
909
912
972
933
929
966
939
911
966
939
899
945
941
934
952
2785
913
960
934
902
951
934
962
994
912
913
977
931
927
945
914
902
966
959
902
951
924
922
992
923
907
948
930
932
966
925
935
957
951
924
948
911
902
3163
918
925
958
922
953
978
928
908
953
952
925
971
1666
926
984
927
904
2226
943
931
965
922
907
968
942
933
4339
928
917
973
929
899
943
910
944
955
932
2081
953
957
931
951
918
934
996
933
910
965
930
922
2047
927
923
976
941
904
948
943
908
968
12486
903
971
919
954
960
934
930
968
943
915
959
909
898
986
939
916
968
924
933
981
942
919
973
935
921
973
944
1772
1230
924
918
975
923
929
944
3007
913
953
932
965
944
938
908
988
910
927
1929
947
940
921
944
923
928
995
929
902
952
938
948
950
924
933
966
948
923
3163
914
921
983
927
931
976
2430
954
971
917
919
973
948
920
959
932
927
979
938
916
951
913
3462
979
931
915
979
962
906
975
911
933
973
924
926
945
920
3474
956
925
908
969
961
902
947
931
932
990
928
925
2003
918
937
970
941
924
954
932
934
946
936
915
982
934
930
1919
932
932
964
1659
6737
956
961
934
961
936
930
972
909
933
950
912
936
952
930
904
947
932
921
956
918
913
1373
919
3477
963
927
932
976
938
902
975
956
927
957
911
901
2061
944
903
972
916
935
945
8917
917
954
936
2738
974
907
912
999
936
933
958
934
930
954
940
912
970
971
906
969
927
915
973
2176
930
971
917
955
945
925
2399
978
952
934
972
911
920
976
911
908
963
911
958
970
911
931
973
963
922
3481
928
924
991
923
928
967
916
958
965
909
924
952
958
931
944
3763
938
985
920
931
944
920
952
947
2696
932
973
957
911
949
938
1333
1002
911
924
961
920
951
945
939
916
953
939
899
956
915
921
5477
922
926
2335
919
934
972
912
921
971
945
928
948
908
922
976
919
931
954
921
3449
965
1620
909
964
969
4860
944
918
912
975
940
925
961
3377
4437
970
925
901
957
947
931
978
910
907
987
928
910
977
907
926
968
926
913
968
957
914
973
910
919
2487
941
910
946
916
949
970
937
923
3421
933
931
968
926
913
967
937
929
958
918
951
978
931
901
980
3184
925
960
918
913
972
906
915
970
920
1031
952
923
2873
979
946
930
973
933
932
967
909
907