1206
920
901
976
921
915
952
926
923
960
940
901
996
908
917
995
910
928
1356
920
905
1114
930
1386
948
928
904
1241
930
925
957
923
925
3311
938
902
2319
937
908
938
942
901
940
934
929
973
910
927
964
927
910
2224
1106
915
968
925
2677
952
2209
2586
962
917
916
948
905
928
963
908
915
3055
938
928
957
904
930
975
937
905
1371
3623
926
1636
936
927
978
947
2483
964
942
3548
3281
3490
905
978
941
960
969
934
935
970
915
911
3369
938
1912
975
1012
1004
1835
942
1021
968
1095
957
943
1662
906
973
1088
932
1029
941
903
982
926
909
943
913
948
7508
907
1285
2566
957
916
959
924
911
977
1110
927
973
938
954
962
934
921
969
935
1307
973
907
906
987
1941
916
952
2975
932
957
939
915
974
932
903
950
924
4709
987
942
1443
944
935
959
958
920
926
948
960
933
969
919
938
1621
929
924
955
926
942
1891
918
981
2705
946
923
946
940
915
969
925
901
966
922
932
947
5111
6359
951
1836
925
955
937
901
996
912
925
947
943
3446
2109
932
934
976
4206
908
942
917
900
1003
926
931
1039
933
951
971
919
932
948
941
915
958
934
901
1382
934
935
2731
1051
948
1878
1063
906
963
960
922
1836
1157
929
970
924
926
953
924
925
949
930
928
1715
963
994
960
918
932
981
915
935
1753
912
929
956
1265
901
943
962
2918
943
918
925
1113
921
915
973
938
975
947
936
919
948
958
924
973
911
1062
974
1057
913
964
929
951
948
917
925
953
958
934
1118
920
914
2309
912
909
1144
915
941
1024
928
900
1367
938
916
7271
907
932
1026
924
929
1013
934
927
1078
913
925
1022
958
934
1033
1063
914
1035
908
912
1014
925
931
1026
919
3243
1014
965
935
1000
915
916
1042
914
932
1000
918
930
1023
940
911
1003
942
913
1021
922
929
1030
936
912
3544
931
985
1027
936
925
1002
953
927
2127
923
927
1029
925
915
1033
947
937
1024
925
913
1006
959
2794
1010
943
904
1044
3234
924
1020
925
928
1004
939
933
3202
964
1086
1024
912
1750
1122
1036
905
1033
936
952
1031
908
930
1019
952
909
1009
913
914
1042
925
929
1565
2409
1154
3526
957
939
1014
953
915
1028
939
1927
1057
928
909
1027
5431
937
1003
2106
1075
1032
8965
901
3639
939
919
1056
936
4035
1005
933
957
1012
937
903
1029
963
5976
1004
2889
902
2755
930
4304
2317
930
957
1027
912
918
1004
963
1783
5684
927
921
1256
925
906
1032
926
935
1035
937
909
3282
956
927
1027
932
912
1053
1726
915
1008
911
926
1016
938
903
1016
951
927
1033
909
930
1057
917
920
1015
2395
936
1010
936
3170
1092
936
2037
1035
934
901
1055
5769
934
2471
2064
941
1017
3413
909
1006
949
920
1942
922
4178
1060
943
930
1035
3830
942
1035
936
924
1011
957
934
1025
938
922
1050
928
924
1007
909
1157
6365
1337
905
1017
938
916
2715
934
900
1800
912
918
2865
929
935
3114
922
5717
1006
932
930
2364
927
928
1032
912
915
1034
937
938
1034
936
929
1177
1156
909
1314
914
910
1058
2163
935
1017
923
3169
1033
941
908
1032
948
1312
1015
938
933
1056
2085
906
1001
912
945
1004
920
924
1413
966
974
1035
916
910
3113
1622
931
1031
2346
927
1015
937
906
1018
933
932
1027
921
916
1028
911
900
1002
936
919
3437
918
903
1032
918
921
1013
920
921
1010
3709
920
1002
5236
912
1023
954
913
1012
943
902
1031
910
924
1007
955
3007
1031
926
914
1008
933
919
1023
923
1331
1025
2373
910
1010
1702
3119
1028
928
910
1034
933
918
1030
928
1215
2842
1006
5482
1015
910
1065
1026
913
928
1033
1087
925
4473
1124
1894
1009
3481
2662
1034
922
936
4784
3593
935
1038
922
907
1046
3510
912
1012
940
952
1007
914
4778
1007
954
2576
1019
928
1998
1045
940
930
1018
914
933
1009
934
910
1007
940
902
1007
941
909
1054
9804
928
1007
938
3351
1002
3283
926
1034
940
932
1012
930
2403
1034
3664
905
1029
928
946
1150
942
901
1013
949
907
3116
911
915
6269
927
916
1006
942
6442
1026
920
919
1015
951
932
1015
3514
922
1050
1434
912
1018
930
2021
1021
936
934
1032
951
1980
1008
931
906
1042
914
911
1032
941
1586
1828
917
930
1025
935
916
1026
927
903
1053
912
933
1009
935
942
3644
937
901
8986
958
923
1029
909
920
1061
936
2432
1176
944
949
1012
916
1031
1006
1035
3302
1007
2866
908
1058
916
6111
1012
2355
937
2006
921
908
1004
962
913
1030
938
910
1216
920
913
2201
914
948
3637
938
930
1036
957
935
1034
938
2598
1032
934
913
1007
914
932
1032
921
924
3124
961
915
1010
921
907
5122
923
3734
1018
938
932
1017
927
1165
1026
1276
904
1013
937
2945
1243
934
917
1032
928
3564
1029
932
919
1014
942
901
1020
924
910
1031
916
935
1004
934
925
1008
919
1470
1001
956
907
1001
934
908
1060
918
911
1860
938
951
1008
922
901
1024
956
960
1117
909
932
1031
940
903
1027
923
913
2780
916
913
1025
1851
913
1004
919
919
1037
924
921
1767
942
927
5731
1386
1872
1006
899
2283
1031
1505
940
1031
914
2179
4401
942
915
1006
909
910
1029
932
925
2430
909
941
1016
1719
928
1020
950
932
1032
911
916
1041
928
912
1032
930
940
1002
923
919
1012
2665
928
1026
926
912
1052
918
932
1006
939
1124
1008
916
1136
1022
948
914
1031
937
930
1048
4325
923
1030
938
944
1007
918
935
1019
955
909
1004
917
916
1042
4859
920
1012
916
948
1020
920
914
1015
950
916
3296
938
1068
1044
928
935
1023
939
926
1009
927
919
1016
932
928
2854
920
918
1026
916
976
1016
943
960
1205
3517
952
1014
1240
2729
1003
943
929
1028
917
999
1010
940
1386
1018
1669
901
1007
937
924
1008
1069
1248
1022
919
923
1013
921
1114
1018
914
901
1032
933
1570
2829
911
1563
1533
1590
917
2200
911
921
1034
911
929
1016
946
929
1008
939
910
1026
943
902
1036
5696
923
2490
3075
4142
1013
2136
905
1005
1467
929
1029
920
919
1020
921
910
1005
910
4088
1003
1057
4779
1348
932
904
1026
915
908
1006
929
921
1004
916
908
1007
926
1153
1028
1186
923
1032
929
930
1836
928
14944
1025
925
929
1030
922
908
1017
1319
924
1027
5558
1353
2542
942
915
1035
1047
919
1031
928
927
1020
917
929
1023
938
911
1025
2098
2405
2527
928
1240
1022
1967
935
1015
913
3729
1034
2735
908
1036
2312
925
1035
914
915
1010
915
907
1033
938
1731
1018
936
931
3812
913
928
1024
2738
915
1031
2266
1851
1025
934
3828
1032
919
921
1805
3071
923
1022
3197
922
1333
1000
927
999
6389
924
1001
911
906
1009
937
2872
1197
928
932
1097
927
1161
1027
2117
928
1025
921
3073
1036
955
929
2333
2231
927
1025
972
3192
1023
910
945
4231
1337
927
1027
1764
916
2638
2346
904
2808
919
917
1037
935
3498
1005
2415
933
1006
936
1169
1019
907
934
1033
941
2502
1015
909
3335
2350
1612
1602
1310
3401
926
1002
3854
932
1035
909
919
1021
1697
949
1022
934
2732
1020
938
973
1030
921
901
1006
920
922
1022
922
922
4762
907
1543
3577
926
1593
1032
1603
920
1021
936
923
1022
936
937
1006
910
920
1026
943
906
1036
930
1739
1032
2218
1979
1033
1790
2873
1023
925
923
1036
931
909
2574
914
906
1016
1581
935
1024
1955
937
1006
939
929
1019
947
928
1401
941
3093
2796
912
914
1971
929
906
1008
937
2998
1638
1182
916
1434
3206
2193
1027
2166
908
1684
1065
936
1036
1132
1290
1314
960
1720
1014
926
926
1015
911
901
1011
939
911
1004
2428
931
1051
3317
923
1008
3471
948
1017
936
4588
1187
947
921
1991
908
901
1044
3403
918
1000
914
954
3812
937
4713
1012
4420
2270
1023
912
1183
1035
910
922
1032
910
937
1034
909
933
1012
932
1475
1004
2742
5994
1033
3823
2748
1035
915
945
1010
1600
932
1599
948
901
1001
2893
2540
1452
917
933
1017
1436
3001
1018
932
913
1012
941
905
1011
936
1687
1040
913
918
1005
1802
959
1014
918
1863
2315
951
917
2132
914
926
1059
922
911
1036
941
948
1448
923
2002
1020
950
927
1018
921
1322
1024
940
3853
1031
1726
909
1004
3067
916
1018
915
2143
1025
917
2169
1040
2005
920
1666
909
915
1007
3135
918
3867
920
917
2091
911
920
1204
3214
3222
1342
933
3252
1030
936
901
1032
935
927
1006
925
924
1255
940
929
1035
909
936
1436
4316
917
1868
2891
910
1022
926
908
2180
930
900
1021
908
911
1030
4146
2654
1032
4628
900
1019
921
914
1007
907
934
1022
2773
2732
1004
2781
3134
1022
915
927
1027
1053
2835
1028
930
1436
4022
924
909
3667
943
903
1017
928
916
1022
6658
926
2624
928
911
1021
914
933
1006
936
922
1009
942
913
1030
3829
906
1119
3497
927
1113
913
928
7126
1956
919
1034
1776
6676
1000
929
2015
1018
941
917
1018
922
925
1009
936
2243
1002
943
908
1025
2105
933
1009
941
931
1037
942
1459
3456
954
2169
1008
995
922
1035
942
1018
2889
918
915
1015
3535
907
1018
2434
932
1016
940
2554
1667
939
914
1021
941
1330
1035
929
914
1021
931
922
1023
925
912
1005
924
936
1038
934
931
1021
911
923
3829
912
932
1029
931
914
1188
942
922
1024
927
901
1020
929
940
1012
943
916
1035
1534
923
1016
1231
929
1017
936
3289
1015
909
933
1394
6100
930
1022
1598
925
1020
2935
928
1044
924
906
1030
935
934
1010
1222
918
1017
916
929
1215
922
936
1038
930
1960
1031
940
915
1303
918
928
1025
912
913
1018
930
912
4042
926
913
1018
923
933
1033
933
906
1009
929
933
2632
925
907
1007
927
903
1134
912
2635
1019
929
932
3235
2266
2236
1021
938
2312
1006
911
927
1032
916
913
1010
919
914
1022
919
926
1006
918
917
1027
925
927
1010
911
926
1028
926
922
1024
914
913
1015
922
903
1017
930
932
1158
927
921
1013
930
933
1030
946
911
1006
941
919
5613
934
1029
1015
916
907
1160
943
906
1001
913
934
1007
932
912
1017
932
929
2139
936
1191
1013
972
927
1026
930
3418
2914
1018
931
1010
933
925
3641
928
936
1027
920
1681
1020
941
4212
1007
920
911
1027
930
903
1034
923
1099
2801
938
917
2639
924
3937
1013
942
1854
1025
922
912
1302
941
931
1005
939
930
1004
912
3369
1758
919
5730
1070
1046
927
1019
4554
912
1030
915
924
1022
939
922
3621
1173
914
1017
934
1154
1002
970
926
1031
1263
910
1017
1433
902
1015
917
913
1025
3347
902
1002
938
917
1018
932
931
1271
938
900
2516
941
933
1011
925
925
1009
916
931
2094
3879
927
1269
922
908
1049
911
930
1034
913
929
2820
988
922
1015
941
902
1013
944
902
1028
924
925
1014
928
904
1007
927
919
1024
908
919
1006
937
2500
1003
920
2257
1031
915
909
1017
3760
1981
1008
2755
936
2772
1084
919
1018
926
931
1006
918
928
1030
1087
915
1023
933
930
2094
928
906
1024
916
924
1032
910
913
1030
931
909
1034
2637
921
1022
943
2626
1037
928
914
1041
909
920
1025
1976
939
1013
1507
921
1027
932
920
1019
934
924
1012
924
930
1025
922
934
1030
936
928
1016
946
933
1006
918
918
1009
939
943
5085
939
923
1014
936
932
1056
939
5287
1011
1012
928
1417
908
907
1031
939
917
1010
927
4822
1036
930
901
1013
929
934
1002
920
921
1020
951
931
1034
3623
924
1032
911
917
1023
937
953
2525
932
933
1036
2635
2856
1002
931
2636
1043
935
930
1037
919
1186
1019
1514
1410
1018
932
920
3009
937
922
1032
925
2530
1016
939
939
1538
920
931
1002
931
915
1403
931
4078
1044
928
1236
3406
1367
939
1013
914
905
1006
932
2179
1511
929
920
1044
916
932
4175
928
954
1717
926
924
1026
955
925
1026
935
910
1035
909
8979
1022
924
946
1035
916
926
1034
940
917
1031
928
930
1048
1141
4493
2851
931
945
1036
908
901
2726
965
919
1194
915
913
1027
976
922
1021
909
953
1012
925
2289
2331
1232
907
1012
921
933
1118
1090
903
1016
941
940
1037