1070
1177
1216
927
1009
2103
922
1043
909
914
1021
916
916
1016
920
891
1511
942
907
990
888
910
10419
898
916
1095
892
921
1021
1258
915
946
968
934
964
955
914
974
1182
917
963
947
3317
955
945
1906
954
979
1964
966
950
925
975
931
16604
962
926
942
3022
888
923
981
967
926
955
1339
1031
1002
951
909
949
1748
936
974
948
925
973
955
907
958
931
924
988
928
965
960
1169
919
961
1043
905
974
973
1016
2955
985
950
2815
1104
907
5306
1006
908
950
977
973
952
1384
927
936
1282
909
952
978
910
1083
6115
914
952
959
916
937
958
930
951
978
926
917
1006
914
994
1959
935
922
1018
939
1115
1011
934
972
999
942
918
1125
907
958
1284
939
897
1014
925
915
1020
922
893
999
908
907
1013
922
902
1026
932
1072
1012
921
898
1180
1498
2188
1022
934
913
1007
912
923
994
918
892
1215
912
917
997
926
911
998
910
1247
1018
916
912
1008
975
899
1233
921
916
995
1385
900
1026
927
912
994
915
920
1023
2809
898
1017
937
913
1013
928
923
987
915
905
5894
905
1024
2387
909
3231
2753
935
912
986
906
912
1205
937
905
1046
923
911
996
1191
891
1018
938
905
987
907
921
1003
940
894
1014
921
919
1007
934
1309
1012
938
899
990
926
920
1003
913
923
1009
914
909
1000
925
1480
1019
5151
982
1000
1996
906
998
913
889
1012
938
897
1016
916
890
1018
914
918
1513
924
915
1018
920
900
987
913
903
2640
910
921
999
906
900
992
1039
1044
1004
923
894
988
936
911
1001
939
901
991
906
901
3985
910
908
945
911
889
937
912
896
2068
933
920
963
915
897
5582
929
901
932
908
913
945
930
909
965
921
897
958
1473
913
935
1402
3047
939
933
910
929
918
918
952
936
916
933
921
919
1598
912
892
954
936
908
947
916
913
950
935
923
957
920
909
948
1024
891
944
943
900
935
927
924
939
3432
900
948
912
896
929
909
1001
938
1055
922
962
1229
924
3081
918
919
948
1164
925
952
939
917
931
917
909
963
919
905
956
926
924
962
907
2801
962
915
923
962
2281
1742
954
926
921
948
934
923
1304
912
915
928
914
907
952
942
908
1022
936
889
943
969
958
957
925
966
927
931
1851
937
939
893
1025
3207
924
947
1305
918
930
907
899
959
914
889
3673
928
1921
931
938
893
3015
908
909
928
929
908
943
924
2386
945
1015
1908
932
928
893
962
937
904
957
911
924
3804
917
903
946
11353
897
935
932
894
945
925
909
941
916
924
959
8550
890
949
942
922
936
906
906
1064
905
894
953
2238
897
961
928
907
961
943
897
2635
932
4148
966
1434
924
963
934
913
961
905
907
937
3440
900
940
1511
897
960
1566
932
945
915
901
952
912
1580
1011
2865
919
3051
2556
911
3421
903
891
941
1103
918
935
909
914
960
924
1329
937
927
1081
959
922
917
943
932
925
939
929
914
931
923
917
930
1097
898
962
1080
903
944
926
922
943
941
923
1198
916
919
949
921
909
946
2262
892
927
4245
928
3005
1129
897
946
913
4275
951
1167
902
938
927
921
938
935
908
1244
3158
903
930
925
940
942
906
905
949
3605
898
948
932
1650
951
913
921
3617
919
903
946
1194
974
948
906
891
944
961
894
952
914
1388
7369
924
2216
960
921
949
930
929
917
939
938
891
954
927
921
957
909
1423
961
3180
947
3078
937
3321
941
931
898
934
914
918
959
912
1365
5437
938
1570
1848
918
891
928
963
917
962
937
910
9255
911
917
941
916
921
933
4387
890
938
952
913
2846
938
915
962
930
922
943
938
939
950
920
889
958
953
892
990
908
1044
1151
932
921
1082
1993
938
956
1787
2471
1693
1080
913
958
924
906
942
910
891
927
912
3315
935
917
2593
927
930
893
943
907
1889
5471
929
913
1772
906
3309
932
914
893
943
929
1500
928
929
894
958
908
915
1842
910
916
945
932
913
950
932
907
951
2462
889
950
911
1204
934
2500
924
950
910
915
959
2771
899
935
3666
916
966
912
893
928
939
895
1056
1185
2446
952
937
2176
937
935
2506
1298
908
921
951
915
2750
7786
906
2778
1033
942
911
957
909
906
932
914
5238
942
938
906
932
917
917
952
941
922
953
918
899
943
920
900
930
2523
918
933
933
922
960
922
922
944
938
1041
952
921
1903
1006
913
922
933
912
893
945
918
911
963
925
923
2549
929
897
937
922
928
943
1138
2277
944
915
917
3304
912
903
954
936
890
943
929
900
950
1852
902
1757
931
991
942
1071
891
945
937
920
1393
930
900
944
5114
1497
935
942
892
2397
925
909
956
2562
904
928
904
902
942
1640
908
947
1268
889
940
910
1055
946
904
1169
2192
909
914
960
906
1008
945
910
911
951
931
905
938
924
921
941
930
2717
937
929
916
958
937
909
956
910
901
1148
1025
891
955
926
896
947
977
1274
965
924
948
952
925
1134
950
920
892
950
950
912
951
1369
909
951
920
921
939
921
928
953
929
958
953
1196
920
954
922
1535
961
910
898
1257
937
920
2265
1178
1561
934
927
925
936
928
892
961
918
896
932
938
913
932
2186
912
942
926
906
942
922
890
957
930
917
2181
926
915
937
984
1346
949
935
998
958
12631
2913
2959
915
906
3581
915
910
929
912
915
1217
910
921
1196
911
911
950
933
921
944
931
1213
938
1084
915
962
928
913
991
921
925
955
910
926
937
923
1027
942
1044
906
937
916
920
1422
908
910
956
921
897
2400
913
897
942
2809
917
946
926
905
977
936
1578
956
975
911
2873
943
1306
993
906
997
969
1020
2200
927
903
937
952
904
919
942
931
1406
929
1429
905
1443
933
899
943
915
928
3571
904
1500
941
2439
913
1585
903
919
1310
1575
923
2810
912
2839
930
906
1863
937
945
954
954
907
909
974
942
1233
962
904
932
930
937
913
2906
3227
3252
955
937
917
956
2204
3780
2219
915
926
952
928
1575
994
1015
1111
2426
2310
900
1094
905
915
930
935
917
1459
937
905
4252
4946
923
956
908
895
982
915
903
2037
908
943
4683
914
919
952
1433
1292
1018
3473
918
971
2229
3821
929
926
2711
946
912
3200
952
2332
2307
4463
1268
902
983
2574
907
927
926
2421
944
1122
1172
2479
933
5141
950
912
2162
5008
935
904
943
924
932
933
1665
903
7045
936
917
4138
920
918
1823
913
918
2995
926
934
957
906
3302
961
944
890
1105
920
912
1895
906
1116
941
910
919
3002
905
890
1965
963
2447
978
907
913
1010
905
3112
1868
921
913
941
935
918
2778
919
913
932
932
1184
2066
912
902
1028
1020
898
956
936
922
953
916
903
5411
1020
991
1260
914
2573
933
933
2555
944
1082
910
1425
924
1097
962
2442
1578
2081
3550
1499
949
910
928
932
933
922
1226
3117
915
5222
908
2360
958
3140
1295
946
1052
915
1667
921
1609
943
934
908
959
919
918
2684
928
898
952
930
920
2387
932
1467
966
906
2798
932
2453
944
936
922
898
957
1577
894
948
909
1578
983
1627
925
2931
915
1636
1701
1933
1703
953
1700
912
942
905
2961
974
921
893
1832
931
949
942
921
902
963
930
910
951
930
914
3280
923
905
3142
914
939
1007
927
901
940
1032
895
954
908
2931
2055
2966
917
932
928
928
1878
923
922
928
956
2094
945
953
904
965
1012
912
1143
904
2177
1067
1077
3571
1009
954
895
1212
939
1091
3395
1023
916
929
5839
2259
2410
1362
4194
955
917
901
1138
906
895
948
929
1003
1502
938
916
1549
920
916
6765
908
908
948
918
894
953
912
911
944
941
901
946
925
1178
2297
943
915
954
2649
900
938
3386
922
958
930
911
946
911
902
1548
1402
2752
930
923
1869
2829
2013
2168
951
937
908
937
3459
894
1010
943
892
935
1668
921
955
912
919
1730
914
907
956
933
907
1136
921
931
952
908
1810
951
919
925
3116
904
898
949
905
923
942
927
4274
950
1127
916
4874
903
890
4516
913
898
945
3259
907
941
924
898
934
918
920
944
2096
1355
930
927
1166
939
1326
957
958
924
2478
1028
928
917
3026
923
919
928
934
897
1337
909
917
1060
904
890
947
925
923
962
914
898
956
3300
910
933
932
917
984
934
2429
929
2489
924
4384
933
898
933
2877
1572
934
915
3310
972
911
896
938
924
938
949
10158
922
910
2496
932
908
950
915
942
2753
2712
908
953
937
895
2790
920
900
1230
919
901
959
899
936
5213
910
889
2905
935
901
963
919
905
988
907
895
949
902
914
4526
921
1166
955
949
914
1295
912
894
972
898
906
940
903
908
1126
924
888
940
955
900
942
925
1194
993
905
914
942
906
934
949
903
916
953
935
899
955
910
2696
4085
941
1167
946
910
939
951
932
908
946
938
885
2262
913
893
976
1013
886
958
922
942
973
900
914
1414
4557
892
966
925
887
981
908
889
974
2373
933
953
3292
904
2466
931
3253
954
921
2429
971
918
894
969
906
2162
952
923
918
973
945
911
2623
903
2404
2652
932
901
3049
919
915
943
917
901
963
936
904
945
908
909
3433
928
887
959
906
941
939
920
885
967
931
907
966
2000
1365
965
924
2418
1346
906
918
1236
907
886
963
950
897
1208
922
900
995
926
898
969
909
930
952
919
913
969
925
891
952
903
885
974
913
918
967
917
923
947
915
909
962
930
917
956
915
894
974
923
908
963
929
921
1504
901
910
964
1169
1230
968
916
1861
5398
922
899
940
910
924
945
918
917
949
937
899
2797
916
5652
990
920
888
960
917
931
956
931
915
959
950
1464
944
911
2103
991
914
900
952
927
916
961
922
894
944
940
916
959
2778
2718
986
1666
891
948
927
940
1041
910
919
949
8764
894
968
931
899
990
897
3763
2498
901
919
957
2464
913
960
952
899
961
904
893
1612
927
1560
943
920
968
959
923
898
974
934
1072
961
929
902
1166
1130
913
940
1286
915
969
927
899
974
19471
3127
955
916
2876
987
910
883
947
901
913
10933
906
912
971
936
900
947
901
908
994
932
908
956
1263
922
970
930
898
940
948
889
965
901
915
989
899
899
963
3494
913
973
907
4682
1281
8186
898
1041
980
888
970
927
2023
940
2483
920
938
914
883
970
924
909
969
925
913
997
916
918
967
929
918
957
931
885
954
924
909
961
907
898
967
918
885
939
916
917
955
910
914
2640
952
1091
2841
912
911
1191
912
914
975
1894
910
1314
1179
898
943
1632
891
966
898
907
981
3817
903
969
925
912
964
913
1301
962
1274
885
1102
916
905
964
906
890
977
925
938
959
932
918
952
937
908
946
925
896
2072
930
892
1735
916
913
971
912
888
1925
925
886
946
926
918
966
930
917
963
912
928
974
1011
905
951
929
908
951
922
903
969
899
909
974
906
916
961
2647
2767
955
942
915
978
926
917
988
924
908
952
931
1144
955
923
893
965
927
5626
1122
927
900
969
913
917
958
927
915
963
913
910
967
926
895
973
921
911
1298
914
917
3826
6461
3589
959
912
907
939
919
891
1893
929
918
1689
1317
887
1296
914
1148
940
924
906
945
936
908
943
900
900
953
905
897
973
925
918
953
923
901
941
1234
912
947
914
892
960
926
906
948
908
913
958
1593
1067
950
926
907
963
921
907
960
5478
909
969
926
919
948
903
2472
946
903
888
942
915
916
978
905
911
950
1348
889
960
917
917
965
977
912
2980
3071
908
969
2705
885
969
932
906
942
900
911
964
1665
3000
969
904
1232
954
1703
901
945
920
1170
945
922
915
947
926
911
1200
1010
908
976
898
919
1738
904
912
945
926
3124
3103
903
913
1193
2346
890
952
914