1311
1072
1056
965
2744
925
964
918
904
938
3584
907
1897
904
896
1015
930
1301
948
2415
2096
1241
926
896
7731
945
2484
946
1250
901
3504
922
884
950
1312
931
944
916
1882
970
2647
1346
942
920
911
2683
909
892
1990
2690
908
945
922
1147
966
1483
898
943
913
919
964
969
886
942
931
917
940
928
3766
954
3170
888
2934
915
903
966
1682
890
3008
911
939
968
1093
3201
966
948
889
951
1512
889
1190
1625
911
2758
1056
899
951
1308
1056
958
910
892
3009
918
1035
1961
921
893
2000
2734
891
971
2929
897
3040
917
4023
5141
1011
897
958
4200
894
1268
2930
1216
968
931
914
951
2158
2990
974
920
893
961
933
1479
975
906
919
955
927
943
948
937
2121
972
905
3620
947
926
907
960
4079
890
2478
1196
885
941
923
892
3724
905
915
971
909
884
945
900
890
961
2530
2506
962
6297
898
2636
911
884
961
912
911
2660
923
900
957
936
896
2718
2660
1983
1783
915
914
943
931
885
968
1038
901
972
912
901
949
2942
1541
949
926
892
958
905
884
5170
2013
901
955
910
2093
961
5471
892
2402
926
915
1049
974
968
1038
921
896
970
902
885
952
905
908
960
904
906
976
914
913
3295
905
903
963
910
905
2016
914
896
940
911
900
966
1788
899
948
907
890
962
929
904
1181
915
913
4325
925
894
989
898
906
948
2736
903
969
932
915
973
917
956
958
931
921
970
920
2290
964
8304
5479
958
911
892
3782
918
895
954
914
891
955
920
897
960
907
911
3404
902
900
956
7857
905
955
916
920
956
902
3132
970
909
923
2243
3904
885
943
920
884
961
926
3393
946
931
885
2726
920
915
961
898
892
956
930
902
961
904
889
3165
898
914
958
906
909
972
915
903
965
908
893
944
902
979
977
905
911
942
990
902
949
912
1662
964
2635
908
939
922
906
949
926
907
955
907
2300
966
916
2717
940
926
11470
961
897
891
962
924
915
974
3410
920
1958
917
898
950
1473
888
976
901
892
4611
910
908
2215
908
3384
954
924
896
969
932
896
947
2632
901
954
904
886
970
904
1380
1023
2666
917
1678
910
891
946
903
901
7182
929
903
940
930
896
1093
1982
952
983
919
915
968
905
908
954
927
897
968
945
910
970
911
903
2706
907
895
962
911
2164
972
899
913
969
1578
914
967
911
894
3559
901
897
2318
924
946
965
906
2315
964
977
919
957
898
916
967
925
887
946
901
932
939
916
907
959
931
894
950
917
918
986
903
888
2025
929
1144
962
1177
1007
2634
938
893
964
1251
907
971
914
1379
947
898
922
946
932
1274
1482
927
898
951
929
898
996
904
918
944
920
922
1998
927
892
1362
948
2701
949
900
904
998
910
905
941
913
916
967
913
1670
2775
941
902
2015
921
894
985
927
907
974
14223
913
950
919
1080
958
940
884
962
922
899
984
1997
892
970
3084
1356
968
902
917
949
2822
907
966
908
909
970
914
1634
962
905
2064
951
926
902
942
923
910
2156
925
904
1784
925
891
944
931
935
955
913
893
970
954
918
3488
1978
2246
1036
914
2322
1001
938
914
939
929
1170
971
1983
897
951
906
2355
955
926
906
1093
937
884
958
912
887
2527
916
918
969
1279
934
967
920
917
947
937
915
1922
899
894
950
2696
898
969
909
2721
964
916
910
2427
928
897
946
923
1169
952
933
913
955
905
903
961
902
911
2857
907
3953
973
911
2835
12909
903
898
940
915
897
955
907
5003
3116
936
895
944
1710
1691
955
936
896
997
910
925
947
1586
918
976
930
897
944
909
895
1307
925
918
959
933
921
950
904
886
966
934
919
971
924
4703
947
907
919
942
918
914
2080
916
891
1239
934
889
950
922
911
2340
912
900
969
933
2162
964
928
897
967
921
904
971
901
884
2254
930
897
953
903
890
939
917
883
944
908
914
959
900
908
965
910
888
2440
1362
3509
961
919
902
972
905
894
964
926
902
950
920
3494
968
921
2524
970
984
895
960
921
910
948
917
887
944
898
903
959
907
905
951
916
904
965
932
888
957
928
2751
968
925
884
953
919
892
949
898
1078
964
3971
2426
967
930
900
978
1620
907
960
924
891
960
918
919
974
917
917
975
904
891
960
918
907
974
930
896
958
2606
921
962
902
910
943
929
887
943
909
908
948
2823
890
950
909
918
972
3832
908
955
907
907
946
913
1318
965
925
902
960
2072
919
943
1309
902
952
933
907
1036
931
1256
974
3262
913
952
929
890
966
912
898
3232
931
896
965
931
3067
964
910
896
955
909
884
966
1691
892
942
912
910
940
928
917
947
932
889
970
899
915
1245
911
918
3640
903
889
939
912
914
973
912
914
993
901
884
988
2322
911
957
919
913
958
911
912
1532
927
903
1199
922
906
995
899
900
959
923
921
969
916
918
944
936
4367
940
899
896
976
2893
890
955
912
1463
944
905
918
951
922
908
992
906
916
989
1366
2869
944
917
933
961
2496
919
959
952
892
943
2669
3404
992
910
898
945
899
937
953
912
916
972
935
890
951
917
898
983
930
3296
965
928
917
2097
929
3289
953
3228
915
973
984
890
965
912
919
961
914
939
956
906
1747
973
1023
902
970
926
900
987
911
896
937
907
932
949
903
913
951
3547
2726
963
928
899
994
923
897
968
3237
938
967
902
2102
947
952
896
957
933
893
965
2172
912
957
906
917
3520
912
914
969
924
896
974
1794
897
967
928
907
953
906
940
944
918
911
961
950
899
1625
915
895
997
3097
885
956
913
928
936
915
913
2564
935
886
958
906
966
977
931
906
969
905
916
944
1049
897
940
930
886
961
4067
907
986
912
890
960
924
942
965
908
17152
3361
3106
1169
953
909
914
972
921
911
963
914
935
962
1284
887
945
936
915
974
925
905
1452
909
885
941
926
932
958
902
915
949
941
894
958
900
4783
974
926
902
963
929
940
965
902
902
950
965
907
942
909
913
1782
937
897
973
907
910
946
928
2889
956
927
893
973
923
902
980
1511
911
943
2025
2444
941
928
904
970
938
887
939
911
913
974
909
894
948
900
917
940
929
920
942
939
3181
978
970
889
1023
989
970
946
931
927
939
928
2755
943
943
901
950
929
911
976
903
892
963
929
914
965
909
1134
951
943
904
960
899
945
980
930
916
962
926
921
957
905
918
1311
922
2574
968
903
886
973
902
912
958
918
940
969
924
904
956
942
896
946
931
902
984
921
889
974
928
927
954
918
916
950
923
3143
942
921
898
1245
928
1864
952
2962
940
945
897
901
958
953
885
945
915
910
976
900
1492
959
916
942
970
924
901
964
924
910
2349
2330
890
964
917
4167
951
926
940
975
914
906
961
932
899
969
897
907
1967
930
898
958
926
939
3823
910
910
960
955
911
946
906
893
991
928
886
940
910
934
946
922
910
957
951
902
967
902
2680
987
903
906
969
927
931
969
914
911
948
927
902
946
905
893
995
918
899
964
908
924
2924
915
904
954
2938
912
943
923
904
991
923
914
956
928
921
3068
917
916
964
946
892
944
933
4836
4045
916
888
959
928
933
945
3394
3811
967
927
2995
957
926
887
995
915
2761
946
906
932
970
913
911
954
941
909
939
916
886
991
927
905
955
924
921
957
965
910
970
938
3069
959
901
896
998
916
896
2994
3394
926
952
928
900
954
921
903
958
901
886
962
11071
1940
967
901
937
961
908
893
949
936
896
961
924
906
964
2496
898
971
3368
933
966
905
887
972
939
911
957
910
895
979
921
3865
949
922
923
939
908
2648
945
937
907
940
924
901
974
921
885
970
918
914
1293
907
900
969
2498
913
942
928
914
992
909
887
943
927
916
962
921
901
974
944
908
962
899
899
973
3658
904
954
926
915
1138
923
907
3102
932
907
971
909
887
985
3132
915
944
906
916
968
922
887
1318
932
903
974
900
3235
973
906
909
947
932
941
3344
899
898
1122
1001
3442
964
913
913
984
924
910
949
904
918
958
909
909
943
933
917
966
932
2239
989
928
895
951
901
908
965
3228
888
958
928
3267
957
923
897
988
902
899
951
930
1565
960
925
914
945
941
917
966
900
910
981
903
2377
947
902
918
969
932
916
952
930
912
957
897
896
993
910
910
960
905
911
949
924
906
965
957
899
959
2122
890
1304
906
2131
953
902
915
964
903
905
968
952
901
973
1052
899
986
933
916
950
911
938
1717
3094
893
963
935
918
949
932
890
972
932
914
942
3148
943
971
899
889
970
951
893
955
909
964
965
912
2783
963
910
908
1436
911
885
953
945
895
957
919
892
6865
924
913
950
914
925
962
914
911
963
936
906
2906
931
3193
982
912
886
971
900
928
960
906
909
967
924
905
950
911
895
977
905
889
973
910
934
943
906
886
968
929
904
942
930
910
968
924
889
946
908
933
958
3253
884
957
933
3552
966
930
893
995
935
907
945
918
2092
967
913
900
971
924
906
961
2659
884
985
902
2787
938
910
932
943
918
909
950
939
915
968
900
892
974
899
915
942
3409
919
973
916
892
958
922
907
971
900
2895
965
916
2394
971
924
931
955
907
901
951
3178
911
961
931
897
994
921
898
952
899
922
967
911
1664
971
928
911
946
902
893
973
1301
918
972
909
926
974
918
902
942
2769
885
958
925
897
989
920
912
952
3354
931
947
912
3373
950
955
906
941
906
884
964
2090
886
949
910
930
966
932
913
973
948
902
991
917
904
1047
930
905
967
902
915
939
900
885
969
923
898
953
913
2753
972
903
907
963
930
932
956
906
887
962
953
919
964
901
895
976
913
907
962
915
927
940
899
908
965
951
884
954
905
911
967
914
892
953
902
924
974
921
887
969
954
909
957
926
884
987
920
3209
958
916
935
949
920
913
951
937
889
944
905
893
998
920
898
940
908
918
961
916
901
967
922
898
952
2862
889
2218
913
2767
968
898
919
968
932
897
973
3603
1271
970
920
905
981
900
903
946
898
923
939
929
2137
966
951
911
955
917
916
1364
926
918
960
1130
924
947
926
891
951
2421
913
1126
924
905
995
931
915
955
902
935
2024
930
913
944
1239
1431
944
901
912
970
917
904
946
925
939
956
925
911
948
953
902
1500
898
895
978
909
911
967
908
917
974
918
900
964
945
908
972
905
893
985
900
884
948
903
931
968
901
917
961
927
894
970
898
901
976
908
904
957
921
921
944
930
916
957
943
898
960
907
885
981
928
903
937
926
1292
943
3082
902
941
923
892
952
928
903
979
898
902
964
905
1560
948
920
884
944
940
885
948
2572
897
980
917
885
3200
3186
910
969
933
888
941
952
1066
964
900
908
3451
911
919
961
903
918
944
900
890
964
949
888
967
1898
895
985
922
888
973
921
911
3043
900
888
949
944
898
950
919
897
996
928
892
969
1481
937
949
903
907
945
953
900
958
909
893
970
911
914
942
919
940
2465
900
904
965
945
898
948
928
901
964
928
911
941
905
936
973
901
887
967
956
908
1891
916
915
982
929
893
952
904
909
960
903
900
955
1150
907
958
904
3067
3589
925
888
946
915
928
955
931
905
949
952
888
966
918
914
970
910
886
960
903
2614
942
925
901
955
947
918
969
927
912
976
1113
899
947
899
930
962
3331
884
948
932
909
963
924
884
989
919
889
948
907
1841
972
926
902
968
943
908
966
3031
2757
996
899
890
963
908
1300
972
914
890
940
931
1497
943
930
909
986
930
883
949
918
933
959
909
884
3054
929
899
959
908
896
979
924
911
967
905
920
3394
1058
884
944
4065
3470
959
914
892
971
918
907
945
1905
1891
970
904
910
966
934
900
946
912
887
3581
2200
2547
967
907
907
974
931
909
955
928
910
951
917
902
999
900
901
956
928
923
956
916
902
964
938
901
958
932
908
965
919
898
940
926
922
955
915
897
946
943
2673
950
913
3284
996
913
900
953
921
928
1387
931
893
973
1003
892
966
902
916
974
918
896
5701
923
3046
941
910
917
945
945
906
961
2376
909
973
921
918
1208
912
940
970
907
919
973
952
909
945
907
912
973
931
893
946
925
2136
965
899
913
958
935
903
949
3457
3105
989
928
2289
971
901
910
969
898
2419
962
924
1971
943
897
917
979
3178
903
948
916
939
991
921
918
2969
931
907
957
924
891
975
920
916
972
924
947
940
900
3165
2335
935
889
973
901
909
991
908
885
962
903
931
950
908
912
943
948
893
950
919
901
1334
6226
916
948
901
1022
961
909
916
1081
953
910
961
903
887
995
2936
891
964
2099
917
967
907
905
1032
942
2834
969
928
2464
968
933
884
965
1085
926
950
908
1013
939
933
916
1007
907
3551
1010
898
950
939
925
920
962
914
3219
975
947
917
949
897
908
1885
902
887
943
906
3480
959
928
903
973
950
917
973
2789
890
987
912
913
3614
928
2049
961
898
894
957
940
911
951
928
912
971
978
912
967
909
2439
954
922
918
954
925
914
2367
921
902
965
1356
887
942
901
942
954
925
908
2840
956
904
956
923
894
980
901
890
958
901
920
951
1328
2638
947
1185
892
958
898
885
982
927
917
974
912
921
962
925
889
1733
931
916
968
933
916
1001
902
905
951
923
931
950
922
886
965
927
913
956
901
901
1748
929
896
970
915
941
953
924
899
950
948
909
950
929
899
991
901
912
965
898
910
941
908
907
957
949
909
975
917
917
966
918
909
948
898
923
961
928
909
969
939
886
949
921
3859
983
931
887
961
913
936
969
897
895
973
937
898
1136
933
2460
996
899
918
963
913
3074
963
933
1292
961
923
901
974
906
911
966
2846
917
965
908
932
939
926
900
974
953
910
955
933
1346
985
927
894
3205
900
934
953
926
895
976
951
893
969
898
906
994
1645
898
959
917
939
941
905
902
3288
932
888
961
924
891
978
927
914
966
930
932
969
1764
2365
969
946
900
965
923
895
997
902
906
939
916
975
959
932
917
957
3677
918
947
2611
912
947
920
3995
975
918
2490
964
907
906
968
921
914
945
903
908
947
926
893
975
912
919
945
898
903
960
918
911
946
984
898
964
5015
2712
969
924
923
953
930
885
1055
922
5767
940
897
901
944
930
891
968
916
896
955
927
2972
955
934
899
939
930
1051
948
928
889
951
925
908
961
902
928
1014
3081
945
971
978
911
1050
1019
890
965
931
962
2054
913
901
1099
930
892
964
928
921
964
901
888
951
923
895
942
926
5010
984
909
915
2242
1096
916
949
926
1084
949
950
5652
974
1219
915
983
899
919
965
931
921
958
918
898
952
930
890
953
921
905
998
901
18556
973
914
909
959
919
884
949
921
904
973
932
903
972
929
884
963
931
934
966
924
916
1149
922
1558
970
3090
899
971
901
904
948
903
943
969
2746
893
973
953
1543
941
899
907
967
920
897
972
3348
912
936
926
896
953
931
3845
955
914
917
991
901
1853
959
905
926
3435
900
887
967
932
896
968
926
885
982
898
897
955
4964
921
956
2027
896
963
944
908
975
1757
917
990
918
904
951
930
916
951
906
892
958
7260
893
971
909
914
974
931
909
959
913
917
959
932
907
949
925
899
959
930
916
970
914
892
970
904
938
955
915
918
955
955
901
970
914
955
964
921
917
951
899
928
952
922
904
965
929
902
950
909
4828
988
905
886
964
902
3006
947
910
897
966
929
916
973
918
898
994
907
914
954
925
908
959
920
899
963
945
3383
940
900
906
992
926
909
941
914
939
945
2315
901
974
939
918
950
910
888
1846
913
2115
963
927
909
951
912
913
2329
941
912
953
931
912
978
913
897
1661
928
922
969
7010
903
965
933
906
1405
922
885
2756
914
893
965
915
911
960
929
910
944
954
897
948
909
918
988
922
2994
960
901
937
959
914
906
963
937
2893
953
925
910
970
931
895
972
922
923
1659
924
3449
939
937
895
965
919
908
976
930
920
948
1198
930
944
914
894
967
3442
918
1296
916
907
964
912
913
941
915
938
2292
908
889
957
923
5027
956
930
917
1669
932
910
940
904
937
967
986
887
959
922
913
2819
925
902
980
932
920
957
917
908
961
917
914
953
1427
899
953
904
912
966
912
886
962
911
936
964
922
893
945
955
5213
944
921
911
970
1807
895
949
908
2636
969
919
901
958
933
895
944
923
890
1817
913
904
948
902
913
937
3352
913
1007
934
905
967
912
894
976
937
911
961
908
1905
2673
907
898
977
952
917
956
905
910
969
927
913
4620
899
940
968
913
1092
6254
948
890
944
928
889
982
919
885
957
923
913
970
1594
893
4492
5514
1455
960
927
897
965
929
897
949
926
941
957
911
895
3092
947
907
965
925
887
993
923
888
946
920
907
974
901
901
955
934
903
941
917
914
989
906
895
970
3318
908
967
919
889
949
1057
914
1180
913
4362
976
2148
4569
957
930
922
954
928
910
962
955
894
946
897
884
987
901
913
950
915
926
939
902
2468
963
932
909
965
930
891
976
915
916
949
1580
912
1837
917
895
965
928
909
946
911
890
985
914
903
943
929
920
1123
913
2115
3356
954
915
972
933
888
971
910
885
945
916
942
954
1745
885
958
944
889
1617
3444
897
987
3288
897
953
902
931
961
906
906
958
938
918
953
908
1797
965
907
910
953
918
923
970
904
896
945
952
907
972
924
909
985
901
914
970
923
2512
970
928
914
950
924
5616
969
902
886
967
897
908
965
921
2899
948
931
907
964
951
908
950
931
894
5080
916
5181
1131
911
941
950
906
890
949
957
908
944
913
893
983
1493
920
965
900
909
956
902
903
1900
959
944
1012
930
909
1023
915
1015
953
899
910
967
910
916
967
950
1802
949
909
909
968
915
898
961
4162
1252
965
902
900
967
956
888
5592
915
910
996
901
2626
941
927
921
959
931
889
940
927
1113
948
1522
1163
983
915
892
950
926
918
969
926
885
944
956
894
955
901
894
1093
927
895
955
922
937
941
925
1158
979
948
886
964
917
910
994
1858
898
965
909
910
3166
904
890
977
3277
905
964
1179
910
995
931
886
937
901
897
972
918
1783
968
908
884
2163
915
889
950
922
906
939
900
912
3252
900
906
965
3420
913
958
907
2692
958
916
892
963
915
893
951
919
919
942
1636
888
972
931
885
958
907
906
946
929
918
959
927
887
964
905
894
1065
922
895
964
912
912
949
925
898
968
907
904
956
936
902
963
916
884
956
905
892
961
900
888
941
916
894
939
937
916
962
929
907
950
903
913
967
909
1775
964
930
884
955
927
891
952
924
896
976
3505
896
943
927
894
963
901
903
3454
917
888
963
918
904
962
987
883
963
912
920
952
1681
898
950
928
886
973
912
899
973
905
887
941
2797
1786
967
914
907
1055
936
894
951
900
896
944
900
1200
955
901
898
1068
901
919
950
911
902
1773
909
918
948
904
895
970
3249
901
949
930
906
984
904
914
967
2862
939
949
902
1754
949
3340
911
962
911
885
1617
928
2185
941
932
1058
1752
928
899
940
949
909
947
917
2748
985
917
896
3782
908
916
952
918
885
962
1738
2385
958
911
885
982
910
912
954
925
1229
966
1197
901
961
957
5341
2976
916
908
994
902
892
942
905
921
944
930
916
1792
951
891
945
930
895
985
929
893
2103
914
1026
1030
3230
901
972
932
901
947
932
896
970
908
2090
941
919
1738
969
907
894
1066
945
884
940
917
1377
966
902
896
947
916
922
948
913
892
965
939
2940
1575
910
889
3607
927
906
963
933
943
965
930
885
952
951
888
969
914
901
991
905
887
944
904
940
956
907
2896
1033
927
887
952
901
899
982
903
896
967
907
912
968
899
901
974
921
2665
944
904
910
2751
2866
916
948
907
941
952
1915
889
941
951
892
970
919
911
973
923
919
968
917
941
965
922
907
947
939
2570
960
904
890
989
916
903
946
912
934
941
1186
3037
960
947
897
4246
903
898
1271
921
918
949
927
916
949
916
7132
953
3176
3239
951
4286
886
972
908
899
947
1858
928
939
899
890
2382
3629
2926
1026
904
897
1044
906
900
998
922
912
997
909
893
1027
949
902
2302
901
918
1044
905
890
999
931
915
1019
4429
910
1000
943
909
2945
5109
895
1053
903
894
1021
916
4474
1000
922
913
1011
929
2873
999
908
917
1048
899
897
996
910
894
8791
930
887
1016
913
3128
994
913
898
1013
901
912
1005
3050
919
1011
2067
919
1013
908
890
1031
917
888
1035
906
905
1023
916
901
1003
4953
898
1016
920
997
1030
3365
4068
3071
921
906
1230
914
4393
1011
913
909
2921
913
1847
1028
928
2033
2452
910
905
5342
919
918
1024
925
890
1232
917
1163
1010
914
917
1022
932
913
1006
913
907
998
929
907
1008
910
1547
1035
899
905
1018
933
903
1034
902
895
1033
2326
3112
1032
903
1041
1596
912
1309
1245
902
911
1027
899
899
999
921
905
1022
936
906
1003
924
5854
1029
918
900
1032
924
898
1001
915
892
1009
978
1959
2428
910
885
1033
3519
895
966
1046
904
984
939
1954
977
965
894
2399
948
905
1226
951
924
2113
950
930
971
953
904
972
1370
915
968
1043
936
985
1007
895
3816
938
918
2282
968
893
966
972
916
979
937
895
990
941
903
979
949
3108
1110
938
914
965
961
901
1238
935
908
981
934
915
971
965
918
976
957
905
964
940
908
983
947
922
993
961
927
962
963
909
975
951
1256
969
971
923
982
948
895
968
946
903
956
954
2083
955
2036
896
2370
952
900
969
950
895
976
935
901
5796
953
903
987
939
923
979
962
1333
967
956
907
959
957
898
977
956
897
988
957
914
977
951
912
988
2415
920
963
937
923
981
954
918
983
961
894
1337
942
2356
974
1374
900
964
964
918
967
956
910
978
955
926
988
950
913
979
969
2320
968
953
919
970
965
909
964
939
921
988
3519
906
981
955
891
974
967
907
975
938
908
967
950
1981
966
938
900
980
959
2309
984
936
917
979
956
908
967
936
916
972
953
923
985
935
898
967
937
909
990
965
913
966
963
908
976
2444
902
970
967
904
976
2201
1832
960
957
906
969
939
939
957
964
892
1220
942
903
994
969
913
4304
962
2011
25143
953
923
3559
949
918
984
968
911
968
936
916
3899
938
896
975
3478
899
981
944
897
1462
946
894
981
3284
902
977
959
1974
979
965
1325
980
951
924
981
1320
1554
975
947
906
961
955
898
973
946
914
961
943
918
972
968
902
974
942
906
961
958
926
985
2526
898
976
965
921
957
943
1291
963
944
897
969
961
1070
990
950
919
1058
965
912
978
968
918
997
947
922
1136
963
911
959
1027
909
989
1062
2073
985
942
918
2699
942
895
957
947
923
978
966
1211
930
954
3155
897
1206
917
911
944
1926
919
948
1666
902
947
904
918
957
2044
895
942
896
935
955
917
929
943
931
901
935
906
1865
937
902
7667
958
898
908
963
897
920
941
902
919
942
931
911
2347
900
3486
950
899
932
943
925
920
940
6466
2356
940
906
899
966
926
906
945
901
3542
962
923
1948
957
921
1032
959
914
1039
945
923
3056
950
2042
906
1153
894
2722
946
902
910
952
892
921
1753
927
928
7145
917
925
12368
908
928
944
930
903
937
2109
903
954
3883
918
967
902
922
3705
2714
930
944
902
979
961
2288
5626
1607
3951
4345
933
2053
5887
968
908
909
4109
893
900
2301
904
2576
934
4054
919
955
3019
906
1353
902
920
977
4853
5424
961
893
4464
3899
895
912
957
1128
4458
2750
905
4036
975
922
4594
1216
911
2970
3239
893
928
944
3136
921
948
871
910
964
903
927
1759
918
904
1255
908
6339
961
927
2799
965
906
912
956
1973
980
944
918
907
960
902
917
947
5865
928
964
905
925
943
914
1466
951
3647
931
937
900
918
939
912
2065
961
8817
1225
2298
927
914
961
910
906
968
1358
923
5229
926
902
940
1332
905
945
896
922
933
899
921
969
1122
926
961
901
924
938
913
6468
951
1341
905
937
2677
4049
937
925
4456
1678
924
904
3157
897
903
1613
896
2015
936
896
907
954
894
916
950
912
919
945
925
896
960
901
995
937
912
914
944
919
923
966
906
920
963
894
921
968
905
910
961
903
933
940
903
904
945
919
930
2279
927
903
973
910
902
982
909
916
2440
915
929
962
898
905
957
922
928
943
894
910
967
1161
924
943
911
926
959
2583
901
946
916
3112
973
916
929
953
906
901
946
897
928
943
925
918
1911
913
1497
953
897
901
941
921
919
937
919
905
939
900
913
934
901
930
945
913
905
960
908
913
948
1331
896
967
904
897
944
900
923
941
898
916
999
894
916
6798
922
911
2247
924
926
937
926
1883
952
892
5763
2788
909
917
948
916
900
2749
1488
926
968
893
896
967
914
924
954
920
916
948
925
906
947
1280
920
968
2757
921
938
927
906
933
893
932
938
916
899
1822
903
925
968
903
923
938
922
915
936
920
921
960
891
900
936
929
911
952
902
895
940
915
940
935
906
932
941
897
1550
944
3329
979
938
10307
901
1008
924
915
998
893
918
2232
923
908
1009
896
916
1016
921
901
1049
893
1096
1020
916
903
988
919
908
1001
917
920
1011
1194
910
1019
900
907
994
899
904
1018
914
912
988
2843
1285
1000
911
897
1028
922
923
2018
922
930
3577
3746
928
1025
915
2304
1017
921
912
1010
898
917
992
921
2717
1023
898
1450
1023
2523
915
999
921
935
995
897
899
3990
926
913
956
941
930
1003
932
926
951
955
949
958
958
967
2525
946
3404
976
936
1278
966
950
920
975
948
3156
3087
4190
1199
949
936
930
963
961
2374
957
1982
919
2415
941
926
954
951
3327
969
965
3353
1753
934
932
976
942
909
959
937
940
958
945
912
1833
963
937
980
937
909
983
959
906
958
951
910
1077
1169
924
970
1611
928
978
927
935
972
951
916
983
928
933
962
943
922
974
964
1712
961
936
937
987
954
913
962
950
914
9390
954
1773
954
932
920
1329
958
936
2322
947
904
1349
960
2740
949
960
3252
1753
948
910
1020
950
911
978
938
930
969
950
940
1040
936
3418
953
941
927
2045
960
915
982
948
917
962
939
2029
1887
2422
933
955
949
942
959
941
907
987
937
1092
981
943
914
972
933
1101
979
963
927
969
961
904
965
955
936
977
946
2240
969
3306
914
2236
953
906
960
948
965
972
932
907
2140
971
929
951
949
915
2313
956
2609
3860
939
962
982
939
905
973
982
915
959
946
912
975
927
911
964
930
1532
975
946
2517
955
972
2561
969
3217
931
977
2109
2532
953
1692
947
965
962
938
1904
971
926
963
952
909
987
959
935
965
2505
956
954
930
919
973
1371
5907
955
956
917
986
929
2853
963
940
929
973
934
907
965
3455
906
963
957
915
994
927
2332
966
954
948
950
928
913
969
978
931
954
953
6243
991
957
919
962
959
956
978
1463
914
960
971
906
969
2183
924
984
958
1087
956
936
943
965
931
935
960
3143
922
967
948
1147
989
930
923
988
2692
958
969
944
937
3208
981
934
1955
1636
911
986
928
924
971
958
1885
967
944
928
1528
965
916
957
932
937
2203
932
914
964
945
949
974
3278
918
949
975
926
963
951
2390
1006
959
918
956
947
945
960
953
917
949
986
937
974
947
910
975
942
919
953
945
928
960
929
912
910
976
911
898
4004
1193
1170
928
928
910
929
951
907
3198
916
906
962
2496
900
936
933
936
946
917
894
941
960
906
958
911
1008
959
913
3956
945
910
933
943
925
897
938
959
922
942
919
922
964
931
891
942
909
916
954
930
900
1393
946
923
957
914
918
952
2426
911
930
916
913
956
914
908
933
956
903
962
937
1011
977
925
915
954
1030
913
948
937
909
934
933
1068
962
924
919
966
919
3569
934
911
934
944
903
1206
3232
941
913
961
2517
915
1026
928
924
929
917
929
959
924
925
952
946
998
962
903
894
984
915
895
953
930
932
948
906
895
927
927
912
961
903
906
961
975
900
942
925
918
928
933
920
948
948
907
1126
920
890
2153
935
920
959
939
925
5667
1325
923
957
2106
1020
962
904
1484
1474
905
924
955
933
923
930
919
924
950
952
920
947
916
3561
956
932
901
928
931
921
957
1338
923
942
954
907
4263
926
924
961
920
920
932
909
919
946
919
1003
940
943
902
932
936
920
973
915
916
950
1741
925
956
912
892
954
933
921
1351
939
917
966
3416
916
944
909
948
961
931
905
945
962
1733
2339
974
2068
1042
1344
911
956
933
935
938
908
3792
935
939
898
945
910
907
958
1942
1428
1743
932
926
951
919
894
932
965
3549
945
917
896
969
915
911
936
906
922
948
918
900
2106
925
924
982
5556
922
960
2143
912
935
931
922
927
909
909
934
910
914
2278
936
924
950
928
3085
962
908
1017
955
915
893
960
913
902
927
934
922
967
911
2427
946
1138
924
941
908
924
2312
920
925
960
1748
1094
943
932
2489
953
935
918
942
921
900
937
910
1665
945
1994
921
954
907
897
4397
909
907
963
939
918
957
919
918
950
910
922
965
929
2649
955
934
924
937
916
913
969
911
912
954
1591
926
940
915
912
1004
951
2199
942
919
1183
967
927
1903
963
921
935
1218
3920
901
931
933
914
939
933
916
961
905
902
1173
951
2382
919
923
900
991
997
984
1026
926
895
963
910
909
980
935
922
945
914
902
1619
917
924
961
927
908
941
943
891
934
936
898
931
927
896
952
936
906
931
1489
951
984
937
970
2875
921
2701
1673
2385
912
931
913
922
944
905
900
933
926
915
1289
941
899
947
925
925
930
939
889
955
926
895
944
930
907
929
908
894
931
934
914
928
916
900
946
930
906
960
933
2376
937
928
922
938
917
922
947
928
921
943
926
909
971
925
904
954
938
935
951
939
913
941
927
906
952
909
922
947
922
894
929
938
919
962
924
3356
989
6747
910
1011
936
900
988
920
2770
1131
928
905
1011
934
912
998
913
906
1004
924
902
1362
909
900
1011
904
916
1011
931
2495
2355
2632
925
1013
2405
903
1020
931
917
3519
909
911
1018
910
890
1010
3137
919
989
924
924
1020
942
900
971
1387
934
965
971
931
959
3636
2643
972
949
916
955
959
925
956
961
2713
944
942
909
959
967
921
952
947
913
968
947
915
978
949
925
955
2765
917
942
982
929
950
963
918
970
939
923
950
951
1262
956
944
912
963
943
904
1379
963
926
2791
944
905
953
956
933
957
956
932
954
971
897
942
957
933
3498
972
921
957
975
908
960
3474
11555
1937
955
911
955
967
903
963
959
903
943
968
1751
964
951
898
973
948
922
958
949
927
968
949
925
958
946
911
950
940
930
966
978
922
967
951
919
980
945
920
971
2808
913
967
954
902
960
979
908
960
947
902
980
940
1265
978
962
922
955
947
899
951
1175
923
957
972
906
973
954
897
960
973
910
972
1229
912
944
971
931
3456
953
928
966
967
933
969
3295
925
963
965
907
970
950
6756
960
966
900
4432
966
1828
953
953
907
948
959
902
950
948
912
958
947
921
947
964
931
945
947
911
967
960
900
952
940
909
971
972
912
974
2789
926
951
967
1389
943
961
920
975
968
914
956
954
1242
971
957
917
970
952
909
967
955
915
971
944
932
971
11517
901
955
939
928
976
946
909
947
938
911
957
974
920
959
944
911
961
951
917
2966
952
901
965
1617
916
951
2330
901
944
958
926
965
2701
911
943
971
920
972
966
900
944
958
926
949
944
2516
971
970
924
963
941
910
969
958
931
947
964
921
950
972
912
2319
956
925
951
942
906
977
2303
926
963
961
909
954
942
907
955
958
908
975
963
915
967
942
907
947
944
902
947
951
918
955
960
936
948
959
928
952
961
2657
943
944
906
968
966
902
955
945
907
951
958
904
1211
967
916
955
977
932
953
1198
922
992
945
926
977
965
914
943
950
929
971
972
924
978
938
923
956
3057
924
959
966
933
967
948
3453
954
972
901
948
973
903
970
962
901
975
964
906
2185
969
7209
949
967
912
976
946
907
957
946
923
965
971
914
970
947
907
963
952
917
968
963
932
980
962
898
945
959
915
975
967
931
946
977
903
1715
947
2345
965
952
911
961
958
911
1392
961
915
975
1411
899
969
970
920
962
974
900
950
967
930
955
1093
923
974
967
915
954
969
907
2631
945
927
963
973
934
946
2741
916
952
947
922
958
973
917
954
948
910
949
946
912
973
961
924
963
968
931
962
967
910
954
946
923
1299
968
905
949
973
926
965
941
932
948
961
928
3485
944
911
943
1927
933
978
938
907
972
953
921
959
966
909
947
951
927
945
973
906
949
971
923
977
964
932
956
960
900
966
959
906
966
955
923
962
978
901
963
955
905
958
962
907
966
947
913
949
940
922
2357
953
910
953
976
918
961
956
921
972
945
1320
947
972
907
958
952
927
948
951
917
959
967
898
967
950
922
960
947
2966
976
971
907
1025
971
900
946
973
928
954
968
905
1317
970
904
964
964
927
969
1721
910
947
3493
901
971
944
904
959
967
933
978
952
908
950
968
906
885
957
920
921
950
912
895
972
937
900
963
914
909
963
930
886
943
922
902
966
914
2450
964
935
897
954
898
912
975
903
914
941
898
912
2793
932
914
952
922
894
949
932
891
943
928
884
972
980
917
967
930
891
974
912
914
976
912
902
963
2831
888
947
907
897
973
905
902
962
909
908
958
908
1337
976
919
906
959
927
913
961
902
890
1333
908
888
967
921
4112
3384
918
892
941
916
917
954
903
888
971
934
901
957
1849
904
975
1286
911
955
911
918
947
915
896
948
911
891
945
922
918
975
2823
1987
958
908
917
939
928
898
944
911
887
941
915
900
971
932
892
965
918
914
944
929
900
974
901
890
969
2911
901
961
906
894
940
932
907
952
921
884
964
913
1428
946
918
918
976
913
890
944
897
892
973
922
906
960
903
908
3368
926
885
1197
927
904
951
914
904
947
921
920
948
1825
914
944
910
899
945
900
905
958
910
897
940
918
906
972
915
2175
942
899
913
954
915
907
972
926
912
948
933
915
1120
920
1426
947
923
917
961
907
896
954
905
893
950
933
902
940
3008
2805
960
910
898
944
902
903
950
901
916
941
897
1491
942
930
888
961
906
895
972
916
893
963
899
907
969
907
892
955
913
2921
960
903
886
973
927
919
3437
932
913
968
913
914
939
925
914
946
910
895
976
907
885
967
911
908
949
912
902
963
914
910
943
929
1788
962
909
911
969
907
907
951
928
886
966
2268
904
947
919
1036
2210
901
911
946
918
902
959
920
891
951
927
889
949
928
907
946
931
900
961
915
1552
956
910
1167
970
905
888
947
903
906
975
906
912
1308
930
913
974
904
2922
968
931
909
952
916
909
3500
909
907
972
925
915
953
908
894
974
931
905
955
1946
917
958
904
901
951
924
916
961
926
904
967
901
894
952
927
907
973
908
901
954
923
889
956
915
912
971
923
2035
2259
905
917
946
930
904
939
901
909
960
930
915
945
906
896
939
918
889
945
930
910
964
925
896
952
921
896
949
914
884
961
906
913
973
924
900
944
909
2905
964
909
917
971
920
885
3541
926
897
971
925
913
944
923
899
974
922
907
972
2057
885
962
907
917
965
907
896
951
925
916
962
924
903
958
929
911
958
3263
908
973
912
918
969
927
920
945
906
915
967
927
1777
962
912
892
971
918
917
950
902
891
973
912
899
952
906
891
964
902
898
970
920
883
959
905
913
962
903
909
966
904
2087
950
899
2754
959
912
913
957
917
919
968
916
917
944
905
3642
959
928
890
1104
903
898
967
900
914
958
930
906
954
927
913
969
897
893
970
915
898
974
927
917
962
923
898
956
933
889
943
898
904
951
931
917
965
922
923
962
898
1795
952
911
916
952
899
892
2565
933
900
941
913
910
957
907
897
962
919
885
949
1023
903
947
930
901
951
931
918
940
901
892
961
937
895
948
915
899
976
2178
884
3189
923
895
958
906
895
955
924
908
966
911
895
968
931
913
962
915
916
1531
927
914
958
929
918
949
915
914
950
906
908
940
916
899
939
907
918
966
924
893
940
919
890
944
898
890
1156
912
906
971
900
905
962
929
888
979
916
2158
957
910
887
939
912
899
939
915
913
967
923
918
970
927
902
950
901
3196
967
915
913
962
912
897
945
921
892
947
2120
906
970
930
904
956
906
903
961
907
913
974
909
892
959
915
887
963
910
906
1524
900
894
954
923
906
944
902
890
943
918
906
947
910
900
960
923
904
2534
914
891
957
912
904
949
920
917
957
12609
915
942
1005
898
949
923
910
950
926
905
962
920
918
950
924
911
963
922
898
940
910
915
967
936
899
948
904
916
945
922
917
976
929
891
963
899
899
964
930
884
960
913
894
967
910
918
963
2650
3682
948
925
918
966
903
915
941
928
905
958
1438
1185
954
907
893
972
924
914
965
1407
912
960
930
895
950
909
884
957
918
2070
949
925
912
948
919
905
3071
925
919
956
924
913
964
915
911
949
922
908
967
931
906
973
926
897
974
933
897
948
910
908
957
902
894
948
901
916
950
912
890
956
927
887
972
930
899
953
925
893
1529
914
893
949
923
2246
957
1042
894
965
921
902
971
902
917
969
914
889
974
900
895
955
900
886
969
930
893
947
929
894
946
931
4097
972
902
917
972
923
916
953
906
909
957
900
905
3141
918
919
951
921
891
960
908
916
965
939
913
960
1629
893
969
904
885
953
907
898
968
899
904
945
923
901
964
912
885
959
2451
899
972
927
885
982
923
916
950
931
908
5747
908
972
945
906
885
939
898
900
2064
923
916
952
909
917
946
932
910
950
909
918
972
910
889
972
926
887
948
906
908
956
914
901
973
937
919
959
910
898
950
905
919
948
921
909
961
931
2823
944
906
919
954
912
891
945
908
917
970
922
904
948
901
893
945
925
885
971
918
896
953
930
909
967
910
895
956
914
910
967
918
903
947
909
897
957
899
909
973
922
957
951
908
906
974
914
899
2137
930
915
944
901
897
958
905
912
945
915
887
960
916
900
964
917
886
2873
1252
886
957
2783
901
939
912
893
956
915
914
941
1297
915
976
923
914
947
3398
904
972
905
887
972
932
917
969
909
886
967
915
890
1014
933
889
972
924
3549
955
914
908
956
916
919
977
914
902
966
923
890
960
916
897
971
916
890
950
3227
913
958
921
890
964
2024
892
950
928
886
960
928
1779
969
930
890
968
925
888
939
924
912
955
916
884
969
909
896
951
910
2387
969
898
915
951
918
913
957
907
899
944
919
896
969
901
899
945
931
904
967
2240
911
952
932
910
4291
923
886
944
906
891
1110
902
892
967
914
904
948
928
906
942
911
899
975
924
909
959
923
895
1714
902
905
944
909
895
946
916
914
941
920
885
2375
903
5633
945
911
2371
953
901
910
955
913
889
965
929
915
959
1217
912
948
921
895
961
925
901
969
903
905
961
904
894
958
924
911
971
930
3302
957
901
896
992
921
907
960
900
929
964
930
895
964
956
906
3019
911
896
986
901
914
940
928
914
1444
919
895
954
2790
918
943
912
893
995
924
893
971
912
919
965
903
1264
3039
947
1747
953
908
904
2666
918
1895
952
900
912
939
915
903
970
942
898
974
1187
905
1825
917
887
976
918
919
957
924
885
945
954
1501
955
1257
916
988
917
919
952
920
923
942
922
3365
3645
923
1188
961
903
918
981
915
904
949
933
937
964
902
900
946
930
914
938
932
886
990
911
918
943
1017
937
943
920
899
971
938
2869
953
916
909
971
920
912
967
914
1268
941
900
894
946
957
918
2714
925
891
993
911
899
1057
921
910
947
929
904
943
1265
895
968
913
908
3165
925
890
959
911
921
951
931
887
971
941
905
964
2162
2277
998
918
910
947
925
1307
966
929
919
963
925
2165
971
921
909
977
921
898
1668
908
930
952
912
894
966
943
890
954
923
902
5417
907
893
946
900
922
955
919
918
958
931
1168
960
929
885
975
912
1016
973
914
937
940
920
915
947
925
2376
953
906
892
981
930
899
3101
931
925
969
918
914
2736
949
916
952
917
2718
994
927
918
960
915
940
943
930
886
948
2767
918
960
928
892
982
1505
898
961
898
913
941
924
2901
951
935
903
960
916
907
1763
904
884
942
902
919
968
908
917
955
955
891
945
922
897
988
1861
888
2028
908
936
947
931
888
950
947
910
945
904
893
974
913
915
940
915
937
947
906
916
965
946
902
949
907
902
988
918
910
967
902
918
942
923
908
964
927
2701
8481
921
890
979
908
887
950
910
2283
945
924
898
971
937
914
959
904
896
990
2854
910
941
923
942
940
911
884
966
928
916
952
2470
1339
996
923
890
965
3096
925
972
904
887
1385
956
885
968
931
913
2004
900
911
938
931
923
946
906
901
954
955
895
956
902
907
999
919
909
966
911
912
968
911
892
972
938
893
950
901
916
995
906
909
952
923
917
958
903
918
972
939
911
941
926
917
969
932
914
942
905
936
1667
1470
903
959
924
913
974
2904
911
977
903
893
946
909
938
942
899
3918
958
928
1458
967
929
902
985
3108
893
956
904
1230
973
903
911
945
956
3532
950
908
1571
995
921
917
971
927
912
962
912
902
948
941
908
961
2301
916
974
910
1931
962
907
938
947
904
915
941
934
896
972
909
898
988
905
918
951
928
933
954
929
908
973
929
896
953
923
899
970
915
910
973
924
936
956
928
919
964
2978
884
943
909
895
4620
914
922
963
930
929
948
923
1564
950
942
898
1592
4059
885
982
902
901
974
914
1721
946
918
907
950
941
1592
942
906
907
989
929
2979
3424
927
914
953
932
888
962
935
899
940
924
916
975
1924
910
941
924
917
964
919
915
951
924
908
967
931
898
970
903
895
971
921
929
939
912
888
977
948
919
2292
900
911
970
907
886
974
921
917
945
926
897
960
1917
916
956
899
898
964
904
891
943
901
1568
954
929
914
942
3105
907
976
924
897
992
906
915
968
932
913
968
931
1596
970
934
895
3637
2012
888
3563
922
909
3816
926
908
965
919
888
969
951
907
950
906
894
965
909
905
967
907
941
945
930
889
959
940
919
970
917
888
984
1490
902
959
920
913
965
928
907
4293
948
911
960
910
893
996
915
889
951
900
926
2944
923
2920
953
931
904
968
912
902
995
910
915
974
912
921
978
918
908
949
935
906
943
906
895
969
907
900
973
920
1563
3098
903
905
944
938
896
3569
901
893
992
907
910
939
931
929
949
7958
900
955
2027
909
961
909
916
3476
920
897
945
927
929
962
908
907
957
935
898
971
1938
898
977
906
883
970
914
924
948
918
902
944
925
3647
941
919
894
977
901
900
3718
923
932
945
929
898
939
933
912
971
904
898
974
930
2520
943
908
936
950
915
885
957
933
917
952
910
897
963
909
893
972
914
925
2303
920
886
949
936
3189
943
930
908
978
926
917
961
923
920
951
914
908
940
945
884
957
925
2998
978
907
916
954
899
926
970
899
896
941
923
908
968
899
917
971
932
894
964
907
942
973
923
892
943
928
913
957
928
903
2536
906
2719
971
900
944
940
929
898
951
923
908
946
1023
901
978
901
906
942
919
916
950
923
908
962
941
898
950
925
2973
995
914
889
972
921
925
973
916
908
977
942
3069
1167
905
892
973
904
885
956
932
914
942
926
896
947
954
3029
968
922
911
976
908
3241
954
902
924
962
909
901
962
3328
898
939
921
892
984
900
896
961
914
916
955
910
917
959
953
885
4451
910
2156
965
928
897
947
3378
944
964
899
900
941
951
894
954
932
892
976
899
1878
974
920
910
940
1192
900
939
934
2472
967
928
895
975
933
889
968
926
922
958
907
905
2643
951
904
945
921
913
999
899
910
1508
915
922
950
933
904
965
934
912
964
910
895
973
1553
916
961
924
907
1187
910
901
943
946
913
948
909
885
1042
912
895
954
928
908
3015
922
883
956
932
913
963
912
910
992
916
894
941
929
925
3124
3094
904
956
941
894
1374
932
1870
971
3197
887
963
1056
915
967
907
907
945
954
917
950
929
917
995
3318
919
962
2639
3310
973
925
910
942
1378
886
964
921
899
2010
1536
1154
973
901
922
971
2264
888
974
942
895
964
919
919
974
898
906
955
914
925
948
925
894
959
955
913
3137
903
914
996
1200
900
974
927
921
938
932
885
957
2535
891
961
930
905
2632
916
894
939
931
911
945
921
891
947
945
907
974
926
890
995
913
914
943
925
922
958
926
913
967
947
910
962
930
909
995
2414
4231
959
921
913
957
917
3322
968
924
908
7531
909
895
995
919
889
971
920
911
953
915
894
949
1520
898
939
920
894
979
929
898
961
921
927
962
922
905
958
957
2729
956
905
907
987
901
918
3120
919
925
947
4058
916
3339
3307
3309
949
897
2192
982
904
900
947
915
937
942
902
888
950
2197
898
954
932
893
974
912
898
968
3159
917
973
928
914
960
943
905
956
907
912
983
925
1625
944
913
936
965
2578
916
945
938
888
4155
900
912
992
2170
901
971
920
1051
947
906
883
943
956
914
961
903
898
984
906
915
955
915
934
957
927
917
943
2812
916
950
908
887
990
899
890
941
922
925
959
931
898
956
951
901
949
902
895
978
903
918
979
911
923
958
899
899
942
938
891
960
906
907
966
922
910
958
916
914
939
900
915
974
951
891
953
920
893
983
931
914
956
903
937
943
899
897
965
934
1665
970
927
913
963
926
918
951
928
1254
950
909
886
972
954
3186
963
916
895
980
900
909
967
927
914
972
907
888
950
923
893
2960
931
894
967
922
898
956
905
928
965
2810
916
944
1434
918
971
929
902
989
917
916
947
903
930
968
909
905
955
923
901
949
927
893
2551
2710
884
966
3125
3881
968
917
886
968
922
914
954
1003
902
965
925
886
1823
919
919
968
906
914
955
942
896
974
905
896
967
932
913
972
927
909
941
930
917
967
927
905
1772
929
893
963
920
900
967
905
913
1470
1387
896
961
952
2484
969
946
907
946
898
898
954
899
899
945
917
885
947
923
899
961
907
909
5394
3614
903
952
928
903
974
919
893
972
912
893
3834
906
2188
970
913
919
973
2863
908
973
929
899
952
924
913
967
931
902
946
912
3924
972
932
909
968
907
888
955
903
887
966
907
907
969
933
896
953
910
914
971
2567
898
3403
935
901
961
909
896
972
907
920
1523
927
909
954
919
894
960
927
901
951
923
907
962
921
911
939
924
895
949
910
891
962
923
889
942
920
884
954
913
917
953
907
897
942
930
909
966
904
899
974
907
903
964
909
884
973
932
921
960
928
909
953
902
893
957
898
891
976
932
918
970
923
895
953
928
917
964
927
914
963
927
918
967
912
890
975
2615
912
944
907
889
3283
921
900
963
909
911
951
924
1167
966
1248
901
944
1747
884
956
921
884
954
925
901
948
922
897
956
906
903
975
919
889
949
940
890
3037
921
924
957
910
909
974
925
917
941
902
918
943
1535
909
954
906
901
954
900
902
961
913
921
948
927
908
959
904
890
970
908
914
968
903
918
964
905
913
946
933
898
951
925
925
972
909
895
971
910
894
964
919
891
959
933
2848
963
911
890
946
915
908
951
912
907
954
899
892
965
918
905
951
915
896
939
926
895
964
906
909
945
2340
910
2559
924
906
969
931
2663
941
930
906
953
3175
910
969
913
915
954
1602
897
949
932
917
2094
925
907
951
926
3437
950
901
911
943
931
1205
968
933
915
944
914
905
949
918
907
946
912
903
948
926
914
945
929
887
945
908
908
2165
901
909
941
902
890
947
916
887
970
929
896
944
901
890
972
932
916
992
901
908
949
909
918
968
931
905
966
923
885
902
955
926
904
966
917
905
941
2728
910
943
905
912
3192
914
925
933
896
915
957
898
928
968
909
910
4338
1712
896
961
925
913
942
916
921
952
913
930
935
904
899
957
904
915
954
917
903
3235
905
901
943
906
3594
902
884
927
954
912
916
933
1663
912
960
922
924
958
901
906
955
921
911
948
922
918
957
921
947
933
903
910
933
916
920
941
901
896
940
894
902
961
908
913
955
920
927
940
899
1529
955
913
921
949
3758
915
964
926
924
966
898
927
961
929
917
951
1693
908
957
924
909
941
900
905
945
900
914
934
919
900
935
898
907
954
917
924
3258
903
907
943
911
3531
938
901
926
949
900
925
937
1703
930
940
914
967
963
921
966
934
908
964
938
896
954
965
904
966
955
919
988
964
921
980
944
5785
967
952
895
963
958
893
969
942
892
956
966
914
969
936
898
964
972
920
979
965
927
983
948
892
1031
945
905
980
964
907
985
948
918
953
941
917
958
949
903
976
954
921
953
3554
912
952
946
921
1423
3304
912
982
965
902
3500
962
892
954
956
1010
988
958
1832
984
959
923
971
2075
895
969
944
903
979
963
908
971
949
892
970
955
905
959
944
907
982
941
3392
984
957
914
972
966
904
989
946
893
986
963
923
962
2201
917
994
940
922
955
942
915
981
959
918
1118
967
909
984
940
899
986
954
915
979
952
901
977
956
916
968
949
913
993
948
918
989
949
918
974
939
914
955
943
924
978
939
3091
983
958
893
988
950
920
967
962
898
963
2038
902
966
951
916
994
953
906
3149
936
902
977
940
902
1613
970
917
969
948
922
986
946
894
958
935
899
988
943
899
966
960
902
971
2278
899
989
958
907
2389
959
905
958
943
911
965
960
896
965
941
924
983
964
915
966
947
921
989
933
917
970
960
892
970
952
897
966
951
923
983
953
923
990
960
916
963
954
3090
971
945
905
992
938
921
983
960
913
956
939
896
990
972
900
973
940
901
971
965
901
961
938
921
966
948
915
991
961
922
972
944
912
987
954
904
956
956
928
966
937
907
964
3838
912
981
954
899
2370
947
924
976
968
908
970
968
908
967
956
902
983
953
907
960
966
911
974
959
918
973
4505
926
976
959
900
973
936
893
963
953
913
2707
966
902
974
944
913
976
967
901
956
949
900
975
1272
917
985
948
922
1240
946
892
989
944
918
970
933
893
985
961
916
967
958
905
988
943
924
978
965
3555
966
945
902
975
3477
926
985
953
921
971
937
926
961
969
915
955
942
1983
974
967
919
963
966
921
964
959
921
966
970
925
980
956
900
994
944
924
965
967
927
957
959
912
959
970
923
980
963
910
2786
962
923
958
948
897
967
963
921
969
942
893
985
1333
919
978
946
906
1227
949
910
978
959
907
958
961
897
960
965
895
960
956
917
989
936
15592
1626
961
1998
977
943
912
967
934
909
967
1403
902
3059
935
928
1687
957
909
964
953
912
965
968
897
989
960
895
989
934
903
5501
951
919
982
945
919
967
939
921
987
938
921
955
951
909
956
949
899
11001
953
901
965
948
2437
980
940
899
972
2363
927
981
940
912
962
967
924
984
934
897
984
943
927
979
5567
904
989
935
904
973
955
917
983
966
917
978
966
895
966
958
904
990
2871
919
959
968
901
2686
938
919
984
968
904
980
952
1338
986
965
912
958
1219
907
964
960
915
985
948
913
987
962
912
960
952
907
961
1138
917
972
937
905
979
969
896
993
964
3426
975
948
896
979
950
914
990
939
921
991
959
904
985
958
896
983
968
899
957
947
891
988
950
908
987
939
902
977
952
897
991
950
912
958
949
893
966
957
908
969
965
892
972
940
913
981
946
897
968
962
2266
975
933
896
981
958
924
960
933
911
963
949
894
990
949
920
989
961
894
908
935
894
906
954
926
896
936
915
920
959
906
3309
945
918
909
934
923
903
949
911
927
960
924
926
1874
896
938
946
909
1550
945
926
909
934
916
926
944
904
906
957
905
929
949
926
925
939
903
929
961
905
913
935
901
905
953
922
901
967
902
925
951
911
918
954
902
916
1186
2246
899
969
899
913
935
893
902
969
917
901
949
928
897
953
892
899
1352
915
909
956
904
934
936
909
913
949
921
908
965
908
915
949
2979
913
962
916
915
2679
909
896
941
913
902
948
925
921
944
892
922
969
1144
919
952
903
904
954
898
920
949
912
914
953
926
919
939
924
934
963
900
899
960
926
899
966
924
924
959
923
923
946
911
2269
955
900
911
946
915
899
952
900
913
969
917
898
947
905
908
939
900
921
961
920
930
946
906
900
939
925
909
936
2361
934
967
903
911
941
3910
910
934
3052
904
967
899
899
1087
903
935
954
906
913
946
922
914
943
915
911
944
1120
907
939
919
925
959
915
925
938
908
895
935
901
970
948
921
921
942
932
920
3485
903
918
971
904
3001
956
915
923
959
904
917
937
1945
920
943
921
925
1542
899
920
936
912
922
956
918
896
936
929
928
934
901
926
990
901
927
936
922
931
936
926
916
958
944
901
969
898
921
986
904
935
957
925
947
958
912
927
967
916
925
965
922
1251
973
894
908
3245
923
927
936
920
917
967
926
900
935
917
910
959
909
928
947
907
956
947
904
910
951
940
925
949
908
904
972
2559
913
933
903
942
963
2014
928
937
915
906
1516
917
896
982
895
924
963
925
936
933
925
908
943
949
916
954
916
922
982
917
921
958
917
931
958
902
3228
910
988
926
897
940
936
946
948
939
911
937
955
911
937
938
919
971
1332
898
954
910
931
956
932
904
933
949
915
948
935
891
956
919
906
938
917
928
941
917
911
940
952
3540
960
931
897
974
2981
910
942
930
916
944
903
906
2127
961
902
960
914
1469
972
921
894
945
938
928
943
919
914
945
928
908
957
912
907
959
929
918
959
938
919
928
912
914
932
948
905
931
932
891
984
910
915
949
921
946
956
929
915
932
965
916
939
1369
919
969
938
905
933
912
937
950
923
901
949
1173
911
983
934
918
973
920
908
933
925
913
939
938
1005
944
956
913
955
2960
922
961
939
891
5456
917
925
2181
924
911
931
938
1460
960
932
894
974
939
924
929
907
926
953
933
917
956
962
914
945
930
922
963
915
910
949
907
937
947
922
907
957
936
910
943
930
974
931
918
975
949
922
972
942
904
979
930
1486
978
939
927
977
941
912
946
942
911
978
942
912
978
951
924
951
939
931
979
940
927
959
963
910
2274
931
931
975
955
925
946
2591
927
962
948
905
962
2255
930
953
934
914
1486
937
926
981
935
924
972
958
927
968
953
917
966
934
922
958
945
912
968
953
913
975
944
914
971
944
909
985
956
918
977
953
921
1627
962
925
963
963
921
959
927
916
984
949
1545
964
960
936
959
930
917
972
947
932
956
942
920
958
942
927
978
943
921
961
942
2500
971
943
920
965
958
909
979
952
905
977
2592
925
973
928
912
977
2355
922
980
963
2499
1436
946
923
976
940
937
974
953
937
963
963
934
954
941
924
967
939
925
959
961
940
979
935
916
976
938
904
957
928
922
967
941
3149
2684
932
939
967
931
1804
960
951
932
950
940
927
955
1242
917
960
944
922
968
929
906
975
951
918
971
950
916
963
930
941
968
938
917
978
937
923
977
944
936
951
940
913
963
2583
18460
982
962
913
952
947
934
980
946
905
974
956
932
973
933
925
956
931
936
953
937
923
966
949
924
976
953
914
958
952
935
962
936
927
974
947
913
975
960
933
952
933
910
2740
929
904
972
961
1828
983
947
911
980
936
916
971
1328
914
975
929
937
963
944
930
957
932
906
962
963
935
958
961
923
957
961
909
1350
949
937
968
958
3179
971
962
936
956
959
936
968
927
935
978
5031
932
950
931
924
983
951
930
978
947
936
976
935
938
971
939
960
976
954
908
981
965
978
967
1003
917
959
936
925
950
932
931
2899
956
932
975
4131
917
961
955
1821
3946
928
916
7297
1438
912
977
960
904
966
1399
926
972
960
911
957
945
938
982
962
940
953
932
937
950
937
998
964
954
913
952
951
911
979
964
3188
961
940
929
954
938
909
961
931
910
982
951
909
1736
960
913
972
939
910
959
960
922
973
949
910
987
938
912
982
939
907
957
954
918
956
961
932
967
927
910
962
944
919
2898
959
913
960
953
914
970
963
909
949
957
923
987
1455
914
975
939
941
976
939
909
980
965
926
957
950
920
987
937
908
967
952
942
981
960
932
971
943
3235
973
943
925
965
961
905
963
2971
914
957
939
912
1750
966
921
960
2152
932
966
935
910
964
961
934
957
942
908
950
945
926
967
928
917
984
966
927
980
935
933
972
962
919
1320
938
917
966
959
934
976
953
916
954
960
934
974
956
2205
971
964
922
950
958
920
978
937
9378
959
929
931
959
952
935
955
946
923
972
959
913
973
941
931
978
948
947
968
956
921
961
2868
930
972
940
936
976
941
931
954
933
926
1957
949
911
980
939
930
975
945
1091
983
961
925
967
943
925
896
957
924
909
965
918
924
934
929
922
959
912
924
938
912
902
927
2169
3330
937
918
1163
950
2093
922
937
908
889
938
917
899
1867
933
920
933
942
924
930
920
926
938
5034
910
990
935
5123
944
933
895
950
932
1958
949
911
906
928
936
907
952
928
905
2857
915
894
965
927
897
949
938
913
960
910
911
942
907
922
952
930
913
940
1174
890
942
938
928
957
931
918
945
936
898
929
909
924
937
922
897
961
920
3207
958
918
891
929
2575
924
961
929
925
949
2115
907
949
905
911
941
908
899
1980
932
894
928
907
905
934
935
897
935
926
899
937
922
906
947
4471
919
932
914
898
943
936
911
935
939
925
941
909
900
953
929
895
960
913
900
954
932
2393
939
938
895
942
993
895
942
907
894
955
924
916
936
927
916
944
920
905
951
915
896
934
925
907
932
930
893
6937
936
3196
928
924
901
932
905
901
928
918
906
957
907
896
1747
941
902
945
911
898
948
916
919
943
908
898
947
922
897
939
907
917
944
934
923
941
924
905
928
3537
907
936
937
2766
939
906
893
4987
941
902
950
928
2100
948
925
910
947
906
910
964
933
911
942
907
894
927
913
897
955
927
894
929
915
1216
940
904
892
949
928
916
944
18507
912
963
919
918
932
929
921
947
912
921
930
934
910
952
2808
901
950
921
889
954
922
908
954
938
896
935
915
1265
957
921
898
941
930
906
962
933
922
943
921
900
943
927
923
3532
932
913
3154
914
900
933
924
892
939
924
920
952
931
926
941
930
900
960
912
899
928
1707
915
944
922
916
931
927
903
960
908
893
930
926
891
952
923
891
943
931
3486
931
937
902
937
918
923
955
908
3186
941
2426
895
920
957
915
914
970
910
2466
959
929
895
961
919
906
973
910
911
967
926
885
961
919
891
950
924
887
973
911
914
943
902
890
940
929
918
973
5743
914
940
916
897
967
913
898
960
2879
907
971
925
910
1297
933
925
973
916
893
956
922
1394
950
915
915
974
901
900
967
902
918
963
931
906
960
906
916
969
3493
907
956
911
905
953
930
912
966
902
911
950
923
2006
970
908
894
953
909
892
956
924
900
940
901
890
944
932
895
945
923
910
951
918
917
943
913
887
944
924
893
959
925
896
947
922
916
941
919
918
968
2337
901
971
904
915
970
906
886
940
1252
922
947
922
895
952
935
902
964
927
891
944
925
905
941
928
921
966
921
908
960
928
890
970
919
885
960
914
901
942
909
906
970
909
6622
3361
920
904
948
924
914
953
918
902
945
927
915
944
1818
908
960
932
893
967
912
907
977
906
907
943
927
910
966
901
910
969
922
3416
969
917
900
944
906
884
949
911
897
2639
923
888
952
929
901
2788
900
887
2262
907
891
956
920
916
956
1442
891
968
937
903
939
924
915
965
918
914
967
925
888
957
910
886
946
904
886
954
1133
905
947
924
2269
941
920
915
965
922
894
948
920
917
950
915
891
965
921
901
952
905
889
951
927
903
948
903
910
956
908
913
964
899
913
974
928
921
960
918
899
955
924
904
972
911
896
963
3376
913
970
900
899
1626
918
917
954
923
906
971
930
1881
970
902
904
972
917
920
962
928
897
1166
927
896
963
926
903
978
924
909
944
921
895
959
917
918
973
932
892
972
911
909
960
910
904
952
927
902
947
2296
892
940
940
886
948
917
890
947
908
909
1222
900
920
975
909
899
972
904
918
949
898
885
946
917
894
973
921
910
971
2637
899
946
921
918
956
916
1659
968
905
890
944
919
1166
975
927
886
944
926
903
962
927
900
976
899
917
962
928
894
973
906
1001
942
934
901
965
898
884
3052
900
919
942
916
895
950
1077
3402
955
940
910
950
1527
883
978
928
909
965
5645
907
945
927
911
965
927
898
969
907
917
975
903
896
964
920
921
967
917
941
959
904
963
961
919
955
956
907
960
968
911
956
960
904
2123
949
929
942
2786
927
973
959
927
953
960
917
957
957
912
975
973
1264
948
944
916
973
950
898
941
950
914
948
969
907
962
963
927
964
957
902
2582
953
928
952
961
929
975
939
910
938
962
931
4284
959
925
956
949
918
971
1766
931
962
941
932
951
958
913
970
978
910
965
948
925
942
952
913
952
940
906
971
972
909
957
944
929
949
961
926
971
1909
916
955
979
916
965
954
1330
2444
941
921
970
2318
923
978
1097
3276
1036
969
925
952
950
931
965
974
910
967
968
919
944
970
902
966
4300
908
965
946
920
967
944
906
952
978
1147
943
968
12392
955
964
920
945
970
920
975
971
931
969
976
905
1333
948
932
951
953
929
963
967
924
977
949
927
966
943
903
943
950
928
961
2760
904
949
950
913
981
3219
909
961
954
900
963
958
925
962
962
931
947
970
1744
958
971
902
946
961
948
973
1051
917
5472
941
928
977
949
930
960
959
898
2904
946
900
967
939
908
979
957
928
3205
955
915
966
977
904
1377
949
903
974
2126
916
968
974
919
948
961
929
1046
965
923
978
975
932
949
944
927
955
959
3277
957
952
909
954
952
911
957
950
903
975
2206
912
980
946
914
968
957
908
2815
946
1537
967
959
906
2407
957
925
980
940
911
957
959
922
955
953
912
946
948
901
978
963
922
962
962
904
946
975
910
948
968
921
950
961
902
964
942
3275
975
948
1207
944
1101
923
964
961
899
970
947
899
1869
940
913
964
961
911
977
957
910
960
966
898
963
974
910
965
941
919
955
955
917
982
955
919
949
940
925
946
961
912
1779
964
920
970
967
914
956
964
913
952
973
927
974
966
917
970
959
925
955
1112
911
963
953
914
964
967
900
965
951
931
957
944
903
977
974
921
944
968
2146
953
958
929
953
965
926
963
943
919
965
943
904
954
956
923
970
967
906
18266
949
927
967
949
909
965
958
917
953
970
909
1027
948
922
969
951
919
945
2510
912
986
941
910
953
967
936
3305
964
931
962
968
989
970
953
915
963
944
906
959
940
911
969
968
911
955
944
903
951
3632
916
950
959
912
951
960
925
965
940
903
944
972
901
949
954
909
1156
953
921
947
1405
937
967
940
928
975
972
920
2216
946
915
951
968
6001
969
968
904
972
971
924
944
960
922
962
973
918
953
964
907
945
943
926
964
973
909
957
953
914
951
959
905
966
943
928
964
949
925
973
955
922
961
974
917
946
955
921
968
1563
914
950
939
923
968
952
927
976
950
916
966
951
923
947
954
909
946
970
2439
974
939
923
947
959
914
1451
966
911
975
943
922
954
941
924
976
969
916
944
982
923
956
974
906
960
967
930
960
946
927
953
969
919
974
959
933
964
2832
928
962
949
929
947
944
921
977
964